277
0
1
513
3
515
517
6
518
520
10
11
527
531
20
25
26
538
540
29
30
31
545
547
36
553
46
559
560
50
565
54
56
568
57
569
571
576
66
582
583
588
79
86
598
601
90
603
606
608
99
611
614
104
107
620
109
110
111
112
625
115
627
118
631
124
636
126
129
642
643
132
134
138
651
140
652
653
655
656
661
153
667
157
670
671
160
674
675
164
678
168
682
171
685
174
178
180
182
184
696
185
699
188
703
192
193
196
708
709
199
201
204
716
208
209
723
217
730
219
731
732
221
222
738
227
741
742
231
744
747
237
238
753
754
244
756
759
760
251
252
764
768
769
259
264
265
268
269
273
277
283
284
285
289
802
291
292
804
808
809
812
301
813
302
818
307
820
309
824
313
825
826
315
828
830
833
834
323
326
842
845
846
335
849
850
340
852
341
344
345
860
349
861
862
352
355
356
869
358
359
360
877
366
879
368
369
885
886
375
887
890
891
892
384
385
897
387
394
909
399
915
404
406
924
417
929
419
937
939
430
944
435
947
436
444
956
445
448
451
452
965
970
971
973
974
463
464
976
467
468
470
985
474
476
477
989
990
991
992
994
483
995
996
998
488
489
491
1005
1008
498
499
501
1013
1014
1016
507
1020
87
256
258
259
5
262
263
8
136
138
139
13
142
146
148
21
277
22
278
24
280
25
157
159
287
32
160
34
290
35
164
292
293
294
39
40
169
297
44
45
173
46
48
51
308
53
54
55
56
58
188
316
62
190
63
323
68
196
69
199
200
328
202
75
331
207
336
85
213
86
90
91
93
222
223
351
224
352
99
100
365
238
366
239
113
114
115
249
