2837
2
8195
7
9
4105
8202
11
8203
4108
8204
13
4110
16
4112
18
4117
4118
8214
8215
25
4122
8218
8220
29
4125
30
8222
4127
8224
33
8225
8226
36
4132
8228
8230
4136
8234
4139
44
4140
8237
47
8239
49
4147
52
8244
55
8248
57
4153
4154
59
60
8252
62
67
68
4164
70
73
8266
8268
8270
79
4175
80
81
4178
87
8279
88
8280
8281
91
8283
92
93
4189
95
4191
8288
97
98
4194
8291
100
101
8293
4198
8294
4199
104
105
4201
8297
4203
108
4204
8301
110
4206
112
8305
8306
4212
8309
118
8310
120
122
124
8316
125
8318
4223
8319
129
4226
133
4229
4234
4235
8332
141
8333
8334
4239
8335
8339
8340
8341
4247
152
153
8346
4251
8347
4254
4258
163
165
166
8358
167
168
4266
171
4268
8364
4269
174
176
4272
4274
8370
8371
8372
8373
184
185
8378
190
4286
8383
193
8385
194
8389
4294
8390
4296
8393
4298
203
8395
207
4303
4304
210
4306
214
215
4311
8407
223
224
8418
4323
8419
4324
8420
8421
230
4326
231
4328
4329
4331
4333
8430
240
8432
4338
246
252
4348
253
4349
259
260
4356
4358
8454
4362
267
4363
8460
269
4365
270
4366
8462
4367
8464
8467
278
279
8471
4376
281
8473
4379
287
8479
288
8480
4385
291
4389
8485
8487
8488
297
298
8490
299
300
4398
8495
305
8497
306
4402
8499
8500
8501
310
4408
8504
4409
8505
4410
8506
4413
4414
8510
4416
322
323
8515
4420
4425
8521
4426
331
4429
8525
334
335
338
8532
4438
8534
8536
4441
346
347
4443
350
4447
352
353
8545
355
8547
8550
359
8551
360
8552
8553
4459
4461
8557
4464
4467
8563
4468
374
4471
8571
380
4477
4478
4480
4481
8577
387
4483
8580
389
4490
4491
4493
4494
399
8592
403
4499
8597
8599
8600
412
8604
8607
417
418
420
4521
8617
8618
427
429
430
8622
8623
8624
433
4529
435
8627
436
4532
8628
8630
8631
440
8632
4537
442
443
445
8639
4544
449
8641
4546
8642
451
8643
4548
4549
4550
457
4556
8652
462
8656
4562
467
468
8660
469
4567
472
4568
474
477
8669
478
4575
8671
480
4576
8673
482
4578
8674
4579
484
492
8686
4591
8687
4592
8690
499
502
4599
504
8700
4607
512
513
4609
8706
515
516
8710
4617
8714
524
4622
527
4623
8721
531
533
537
4633
8730
8731
4636
8733
542
545
4644
8740
4645
8741
550
8743
554
4652
558
559
8751
560
4656
561
4657
562
4658
566
4664
4665
570
4666
8762
571
8765
8767
578
4674
580
4676
8772
4677
4679
584
8776
585
587
588
8781
590
4686
8783
592
593
594
4693
598
4694
8790
600
4696
8792
8794
8795
606
4704
4705
610
612
4708
613
4709
614
8806
4712
8808
4713
619
8812
4717
624
4720
8816
625
8818
627
628
8820
8821
630
8822
4727
8823
4728
4729
4730
4732
4734
643
8835
645
4742
4743
8839
649
4745
8841
8842
4747
8844
654
4750
655
4751
656
8848
658
8851
660
4756
8853
662
8855
4760
665
666
4763
668
8861
8862
671
4769
8867
4772
4773
4774
8870
8871
8872
681
4779
4780
685
4781
689
8882
691
8884
693
4791
8887
8888
698
4794
4795
8893
702
4798
8894
703
8895
705
4801
4802
4803
708
4806
4808
4810
8906
8907
8912
4818
4819
8915
4820
8917
8918
4825
730
8923
4828
8924
737
8929
738
8932
742
8934
4840
8936
745
746
8938
748
8941
4846
8942
8943
8944
4851
756
4852
8948
757
8949
758
4854
759
4855
761
4857
8953
8954
4860
4862
8959
768
4864
4865
8966
775
4871
777
8970
8973
782
8974
8975
786
787
4883
788
4884
8980
791
8983
792
4890
795
4892
797
798
4894
8993
8994
4899
8996
8997
806
8998
4903
809
810
4907
812
4909
9005
814
9006
815
816
9009
818
4915
4916
4918
9014
825
4921
9018
4923
4924
4925
9021
830
9022
4933
9029
4935
9031
4936
9032
4938
9037
4942
4943
848
9041
9043
9047
856
4953
859
9051
9052
861
862
4962
4963
9059
9060
4966
872
874
9066
4971
9067
4972
4973
9070
880
881
4977
9075
9076
886
4983
9079
9080
4985
9085
9087
896
897
898
4996
4997
5000
5002
5003
9103
913
5009
9105
5010
917
918
5015
9111
920
5016
9113
922
9116
5021
928
9121
933
934
936
937
9130
9131
943
5039
9135
944
5040
9139
948
9142
953
9145
5051
956
5052
5054
5055
9151
963
9155
5060
9156
5061
968
5064
5065
9162
5067
9163
972
9165
974
9166
976
5072
5073
5074
9172
9173
983
9176
985
9179
5084
9182
9183
992
9184
5090
5092
9188
998
999
9191
9193
1002
9195
9196
9197
5103
9199
1008
9202
1011
5107
1012
5108
9204
1013
5109
5110
9207
9208
9209
5115
1020
9212
9215
9216
9217
5122
9220
1029
5125
1031
1032
9225
1034
5132
9229
5134
9230
9231
1040
5136
9233
1042
1043
5141
1046
5143
9239
5145
9241
1050
9242
9243
9246
1056
9248
9250
5155
9251
1062
5160
5161
9258
5163
5165
1070
9262
9263
9264
9266
1075
9267
5172
1078
5174
5175
1081
9275
1084
5180
1085
9277
1088
9280
1089
1090
5187
5188
9285
9290
1099
9293
9297
5203
9299
1109
1110
5206
5207
1112
9304
5209
9305
1116
5217
1122
1123
5220
1125
5221
1127
5223
1129
1130
5226
5227
9324
1133
9325
5230
9326
1135
5232
9328
1137
5234
9330
5236
9333
5239
9335
1144
9336
5241
9337
1146
5245
9341
1150
1151
5247
9345
1156
9350
5255
1160
1161
5257
9353
5258
9354
9356
5261
9357
9361
5266
5268
1173
1176
5273
1178
5274
9370
9371
1180
1181
9373
5279
9375
1184
1185
5282
1188
9380
5286
1191
1193
9387
5293
9389
5294
1199
1200
1201
9393
9394
1203
1206
5302
1207
5306
5307
1213
1220
5317
9414
9415
5321
9417
1226
5323
5324
1229
9422
1231
9423
1232
5328
9424
1235
9427
9429
1238
9431
1240
5337
9433
1242
9438
9441
1252
1253
5349
9445
9446
1255
5351
1256
1257
9449
9452
5357
1262
5358
9454
9457
1266
5363
9459
1268
5365
9461
9462
5367
1272
1275
9467
1276
9468
9469
1278
9471
9472
1282
5378
9475
9478
5385
1290
1292
9484
1293
5389
9485
5390
9486
1295
5391
9487
9488
1297
5393
1298
5394
5396
9492
9496
5401
9499
5404
5405
1310
9503
5408
9504
9505
5410
9506
1315
9508
1317
1320
9513
1323
9515
5421
9517
9519
5426
9522
5429
9525
1337
5433
1339
9532
1341
9533
1342
9534
5439
5444
1349
5446
1351
5447
9544
9545
1354
1355
1356
9548
9550
5457
9553
1363
5459
1366
9558
9560
1369
1370
1372
5469
1376
9568
5473
9569
9570
9573
1383
5479
5480
9576
9578
9580
1389
1393
5491
5492
9589
5494
9590
1399
9591
1400
9592
5497
9593
1404
1405
5502
9599
1409
1410
5506
9607
1418
9611
9613
1422
5521
5522
1427
5523
5525
1430
5526
9622
1431
9623
9624
5532
5534
9630
1439
5536
5537
1444
5540
9636
1446
9639
9640
9641
5546
9642
5547
9645
9646
9647
9649
5556
1466
5562
1468
9661
1471
5567
9665
1474
5570
1480
9672
1481
5577
5578
1483
1484
1486
5586
9683
1493
9687
9690
9691
1500
9693
1502
5598
1503
5600
5601
1507
5604
5605
9701
9703
9704
1514
9706
1515
9708
5615
5616
5619
1524
9717
9718
5623
5625
5628
5631
9727
5632
9728
5633
9731
5636
9732
1542
5639
1545
1547
9740
1549
5645
1550
5648
1555
5651
5653
1558
9751
1560
9752
9753
1562
9755
1564
1565
5661
5662
5663
9760
5666
5668
1573
5669
9767
1576
9768
1579
5677
5679
9775
5680
9776
9777
5682
9779
5684
1589
9783
5694
9792
1602
5698
1603
1606
5703
9799
5704
9801
5706
9803
1612
5709
9806
5712
1619
5715
1620
1622
5719
1625
5723
1628
1630
9822
1634
1636
1638
1639
1640
5736
1641
9835
1644
9836
1647
9840
9843
9845
1654
5752
9848
9849
5754
9852
1662
5758
9854
5760
1666
5762
5763
5764
9860
9861
1672
9866
1675
9867
1678
5775
5778
9876
1685
9878
5784
9880
5785
9882
9884
9885
5792
5793
9890
1700
1701
1702
9895
1704
9896
5801
9897
1706
5802
1708
9901
9904
1713
1716
5812
1717
9909
5814
1719
5816
5817
5819
9915
9916
1725
5821
5823
9919
9920
1729
9921
1732
9926
1736
5832
9928
1737
5833
9929
1738
9930
1740
1741
5837
1745
5843
1748
9940
1749
1750
1752
1756
5853
1758
5856
1763
1766
5862
1767
1768
1769
5867
1772
5868
9965
1777
9970
5875
5877
9973
9974
1783
1784
5882
9979
5886
9982
5887
9985
1794
1796
5892
1797
5895
5896
1801
5897
1802
5898
5899
9996
1806
1807
5903
1809
1812
10004
10005
5910
1815
1816
1818
10010
5915
10011
1820
10012
5918
5919
1824
1825
10017
1826
10018
5923
10019
5925
10021
1831
5929
5930
1837
5934
1841
10033
1842
10036
1846
5942
5944
5945
5947
10044
10046
1855
5952
5953
1858
1859
1860
10052
5957
1863
10055
1864
5960
5962
5963
10061
1871
5968
10064
1874
1875
5972
10068
10070
1879
5975
10071
1880
1882
10075
1890
10082
5990
10086
5992
10088
1897
5993
5997
1902
10094
1903
6001
10097
1906
10098
6003
1909
6006
6008
6009
10105
10107
6012
10109
10112
6017
1922
6018
10114
1923
6019
10115
10118
6026
10122
6027
1933
6029
10128
1941
6037
10135
10136
6041
1946
1947
10139
10140
1949
6045
6046
1953
1954
6050
6052
1957
1958
6054
10151
1960
10152
1962
1963
10155
1964
6063
6064
1969
6065
10162
10163
10164
10168
1977
6075
6076
6077
6078
10176
6081
10179
1991
1992
1994
1996
10190
6095
10191
10192
6097
6098
10194
2003
6099
6103
10200
2009
10201
2015
6113
10209
2019
10212
2024
10216
2025
10217
2026
10220
2029
6125
2030
6127
10224
6130
10226
2035
10227
2036
10228
6133
6134
10231
2040
10233
2042
6138
2046
6143
2048
6145
10242
2051
6148
2053
6149
2054
6150
6151
10247
6153
10252
10253
6159
6160
2065
2066
2067
6163
2068
6164
2070
2071
6167
2072
2073
6170
10266
2075
10267
10268
6175
10271
2080
6176
10272
6177
6179
10276
6181
2086
6182
10279
10284
6191
2096
6192
2098
10290
10292
6197
10294
2105
6201
10298
6203
10299
6204
2109
6205
10301
6211
10307
2116
2117
10309
10311
10313
10316
10318
2127
10319
2128
10321
10322
10323
10324
6233
6234
2140
6236
2143
6240
2145
10337
2148
6246
2151
2155
6251
2156
6254
2162
2163
6261
2166
6263
2168
6266
2171
6267
6268
2175
2179
2183
6280
2185
6281
2186
2188
6284
6285
2191
2195
2200
6296
2202
2203
6301
2207
2210
2212
2214
6310
6311
2216
2218
6314
6315
2221
2222
6318
6322
6323
2228
2230
6327
6328
6332
2237
2238
6334
2240
6339
6342
2248
2252
6348
6352
6353
2261
6359
2267
2268
2270
2272
6368
2273
6369
2274
6370
6372
6373
2283
6393
2300
6398
6399
6401
2306
2307
6403
2311
2317
6413
2326
6422
2327
2329
6425
2330
6426
2332
6429
2334
6432
6438
2344
2346
6443
2349
6447
6451
6453
6454
2359
6455
6456
2361
6457
2366
6467
2374
6470
2375
6471
6474
2381
2382
6479
2384
2385
6481
6482
2388
2392
2401
2402
6499
6500
2407
6504
2409
6505
6506
2413
2414
2417
2425
6525
6526
2434
6533
6534
2439
6536
2441
6537
2443
2446
6542
2449
6546
6547
6548
6550
2461
6558
2467
6565
2470
6566
6567
2473
6570
2479
6575
6576
6578
2483
6581
6582
6583
2490
6586
2493
6590
2496
6592
2497
6594
6596
2502
6598
2503
2504
6606
6609
2516
6612
2517
2521
2524
2525
2526
2530
2532
2534
2535
6631
2537
2542
6639
6640
2545
6642
2547
6646
2553
6649
6650
6653
2561
6657
2563
6659
2567
2570
6667
2576
6673
2581
2583
2586
6684
2592
6689
2594
2595
6693
2599
6696
2602
2606
6702
6704
2610
6707
6713
2619
6715
2624
2625
6722
2632
2635
6731
6733
2638
2641
6737
6738
2644
6740
2647
6743
6745
2650
2652
2653
6750
2658
2661
6757
2664
6760
6763
2669
2673
6770
2675
6771
2679
2681
2682
2683
2684
6780
2691
2692
2697
2699
6795
6797
2703
6800
6802
2708
2709
2710
2711
2712
2714
2715
6812
2720
6816
2725
6822
2727
6828
2733
6831
2737
2738
6834
2741
2743
2748
6847
2752
2756
6856
2762
2763
2764
6860
2767
6863
6865
2770
6869
6871
2779
6876
6877
6883
2791
6891
2796
6894
6895
6896
2801
6899
2805
6903
6905
6907
2812
2814
6910
6911
6916
2821
6917
2822
6918
2823
6919
6922
2831
6930
6931
2837
2838
6935
2842
2846
2847
6947
6948
2854
6950
2859
6959
2864
6960
2865
2872
6969
2875
6974
2881
6977
6979
2884
6981
6982
2889
2890
6991
2902
6998
7000
2910
7007
2912
7008
7009
7017
7020
7022
2927
2929
2933
2934
7030
2938
7034
7038
7042
2948
7044
2949
2952
7053
7062
7063
2969
7066
7072
7074
2982
2989
2991
7087
2993
2995
3000
7099
7107
7112
3017
7114
3019
3022
7118
7121
3026
7122
7123
3029
7125
3030
7130
3037
7133
3041
7137
3043
3045
3046
3047
3050
3052
7152
3057
7155
3060
7156
3062
7158
3063
3066
3067
3069
7169
3076
7173
7174
7175
3080
7176
3081
7177
3083
3086
7182
3088
3089
3090
7188
3093
3094
7192
3098
7195
3100
3101
7198
7204
7206
3111
7208
7210
7211
3116
7214
3119
7216
3121
3122
3123
3124
3128
7224
3131
3132
3133
7229
3134
3140
7239
3144
7241
7242
7243
3148
7245
3151
3153
7249
7251
3156
3157
7254
7256
3163
3165
7265
7266
3171
3174
7270
3178
7275
3182
3183
7282
3187
7283
3189
7289
3195
3198
3199
7295
3206
7302
7303
3212
3214
3215
3216
7312
7313
3218
3220
3224
3225
3227
7323
3228
7325
3231
7327
7328
3233
3234
7330
3238
7334
3240
7338
3244
3247
3249
7345
3251
3254
7351
3257
7354
3262
3265
7361
3267
3268
3270
7366
3272
7371
3276
7372
3277
3278
3279
7375
3280
3281
7379
3286
7382
7383
7384
3290
3291
3293
7391
3296
3298
3299
7396
3301
3302
3308
3309
3311
7407
7409
7410
3315
7412
7413
3319
3323
3325
7422
3329
7425
3330
3332
3335
3336
7432
3339
7437
7441
7442
3354
7452
3363
7460
3365
3367
7467
3372
3373
3374
7471
3377
3378
3380
7476
7477
3383
7479
7480
7481
3386
7482
3388
7488
3394
7498
3404
7501
7502
3407
3413
3415
7512
3418
3421
3422
3423
3425
3429
3431
7529
7530
3438
7534
3439
7537
7540
3445
3448
7545
3453
7549
3455
3456
3458
7554
7555
7556
3462
3463
3466
3467
7563
3471
7568
3474
3475
7571
7572
3477
7576
3481
7578
7579
3484
7580
3485
3487
7583
3490
3491
7587
3493
3495
7591
7594
7598
3503
3504
3505
3506
3507
7603
7606
3511
3514
7610
3515
3516
7612
3518
7615
3521
3523
7621
3526
3531
3533
7631
7632
7634
7635
3542
7644
7646
3552
7648
7650
7651
3556
7652
3557
3560
7664
7665
7666
7668
3576
3577
3584
7680
7681
3587
7683
7684
7685
7687
3593
7689
7695
3600
3601
7698
7699
7701
3608
7704
7705
7706
3611
3612
3613
7710
3615
7711
3618
7714
7717
3624
7723
3628
7724
7728
3633
7729
3636
3637
3642
3644
7740
3645
7744
7747
7749
7750
3660
7756
3662
7761
3666
7763
3668
7766
3672
3674
7770
3675
7771
3677
7773
3678
3680
3684
3686
3687
7783
7786
7787
3694
7790
3695
3696
3698
7794
3699
7797
7798
3703
3706
3707
3709
7805
3710
7808
3713
7810
3717
3718
3719
3720
7818
7819
3724
3726
3727
3729
3730
3732
3734
7833
3738
3740
3745
3746
3748
7845
3750
3751
3752
3753
3758
7854
3759
7855
7858
7862
3767
7864
3771
3772
7868
3773
3774
7874
3780
7877
3782
3784
7887
3796
3797
7894
3799
3800
3805
7902
7904
3812
7911
7915
3820
7917
7919
7924
3829
7928
3836
7932
3838
7934
3840
7937
7938
3844
3845
7941
7942
3854
7952
7953
3858
7956
7959
3865
7961
3866
7965
3870
7967
3874
7970
3878
7974
3879
3880
7976
3882
7980
3885
7981
3886
3888
7986
3891
3893
3901
8001
8002
3907
8005
8006
3913
8009
3917
8014
8021
8025
3930
8027
3936
8033
8041
8042
3949
8045
8046
8047
8048
3955
8052
3957
3965
8067
8069
3974
8071
8074
8077
3983
8081
8082
3987
8086
3991
8087
8088
8090
3996
8092
3997
8094
4009
4010
4011
4014
8113
4018
8114
8115
8123
4028
4029
4031
8127
4032
8128
4033
4034
4037
8135
4040
8137
4046
8142
4047
4048
4050
8146
8149
4054
4056
8153
8154
4064
8160
4065
8163
4071
4073
4074
4078
4080
4081
4087
8184
8186
4091
4092
4094
13
0
130
5
73
42
17
85
117
22
150
57
58
31
