629
0
2
1026
1027
8
1033
10
11
1035
12
14
1040
17
18
1043
20
1044
22
1048
1050
28
1052
1053
33
1060
38
39
1064
1066
43
1067
44
46
1070
1071
1074
52
1076
1077
1078
1079
57
1083
61
63
65
1089
67
1091
68
69
70
71
73
1097
77
78
1102
79
1104
1105
1109
1110
1111
88
89
1113
1114
91
95
1119
1121
1125
1128
1130
1131
111
1137
115
117
1141
1142
119
1143
120
1144
1146
123
125
1149
129
1153
132
134
135
1159
1160
1161
1162
140
1167
1168
1169
1170
149
150
1176
154
155
1180
157
1181
158
1182
159
1183
160
1184
161
1186
1189
167
169
170
172
1196
1197
174
176
1201
178
1202
1203
181
185
1211
188
191
192
1216
195
1219
1221
1225
1226
203
205
1229
1230
207
1232
210
1234
1238
215
1239
216
1240
1241
218
1242
224
225
227
1251
229
1254
1255
1257
234
236
1260
1262
239
240
1264
241
243
1267
1268
245
1269
251
1275
253
254
1280
259
1283
1284
264
265
266
267
1291
1292
272
1297
1299
276
277
1303
280
1305
282
1306
283
285
1309
1310
1312
290
291
1315
292
1316
293
1317
294
1318
296
299
1323
1325
302
1326
1327
305
307
1331
309
310
1334
1336
1339
316
317
1341
1342
319
320
1344
321
322
1346
323
1349
326
1351
1353
332
1359
1360
337
1361
1362
1364
341
1366
345
1369
346
347
348
349
354
1379
356
1380
1381
1382
360
1384
362
365
1390
369
1393
370
1395
372
1396
374
1398
375
376
1402
380
1404
1405
1406
1408
1409
1410
387
1412
1413
390
1415
392
394
1419
1420
397
1421
1422
1423
400
401
1425
402
1426
1427
1429
408
1432
409
411
412
1437
414
416
1440
417
1441
418
1442
420
1445
1446
425
1451
428
1453
430
1454
431
1458
1459
1460
437
1463
441
1466
443
1468
445
1469
446
1470
447
1471
1472
450
1474
1475
452
453
1478
1479
456
1480
1481
1484
461
1487
1489
466
1494
471
1495
1496
1497
475
477
1501
1502
1506
485
486
487
1512
1514
491
1516
1518
1520
1521
1523
501
1525
503
504
505
507
1531
508
1532
509
510
1534
1535
512
514
1538
515
1539
517
518
1542
519
520
521
1545
523
1548
526
1550
528
1552
532
1562
539
1563
1564
1565
542
1566
546
1572
550
1575
1576
1578
556
559
1586
1587
1590
1591
568
1593
570
571
1597
1599
578
581
583
588
590
592
593
594
598
601
603
604
605
606
612
615
621
622
623
624
625
634
637
642
647
652
653
654
659
664
665
668
670
674
677
681
682
687
689
690
696
700
702
703
705
707
708
709
715
716
718
722
723
724
725
727
730
731
734
739
740
745
749
756
757
762
763
764
765
766
770
771
773
778
780
782
783
784
787
788
789
791
792
794
796
801
807
808
809
812
813
816
818
820
825
832
834
835
842
843
844
846
847
848
849
850
851
852
853
857
858
860
864
865
869
872
873
876
878
879
880
882
883
885
886
888
893
895
896
897
898
901
902
903
905
906
907
908
909
910
913
915
917
919
924
927
937
938
946
950
952
953
956
957
958
959
960
961
963
966
968
972
978
981
982
983
984
988
989
991
992
994
995
996
997
1001
1008
1011
1016
1018
1020
1021
1023
123
0
1
257
2
3
4
6
7
8
266
267
13
16
17
273
19
275
20
276
21
22
24
26
27
283
28
30
287
32
34
35
36
37
39
296
42
298
300
301
47
50
308
53
309
54
310
55
311
56
313
59
66
68
324
326
332
78
334
337
341
343
88
345
92
95
97
98
354
99
102
105
363
364
109
112
113
369
114
370
115
374
122
378
379
125
126
129
131
143
147
148
150
153
157
164
167
169
171
176
182
184
186
187
188
191
192
199
202
205
206
211
212
213
214
219
224
228
231
240
246
247
248
252
