4065
8193
2
3
8195
6
8199
8200
10
8202
12
8204
8205
8206
15
8207
8210
19
8211
8212
22
8214
24
8216
25
8218
27
8219
28
8223
8224
34
8227
36
8228
37
8229
38
8230
39
40
8232
41
8234
45
8240
49
8241
8243
53
8245
54
56
8248
8250
59
60
62
63
64
8256
65
8257
66
8258
67
8259
68
69
70
71
72
73
8265
74
8266
75
8267
76
79
8271
81
8275
84
8277
86
88
89
90
92
8284
93
94
95
8287
96
97
8290
8291
100
8292
101
102
8294
103
8295
104
105
8297
8298
107
108
8300
8301
110
111
8305
115
8307
8308
8309
118
119
8313
122
8314
123
124
8316
125
8318
8319
128
130
133
134
8326
135
8327
136
8328
137
8329
8330
139
8331
140
8332
8334
8336
146
8340
150
151
152
153
154
8347
157
8349
158
8350
162
8354
8355
8357
8358
169
8362
8363
172
173
8365
175
8367
176
8368
8370
179
8371
8372
181
8374
183
185
186
187
189
190
194
197
198
199
200
201
203
204
206
210
212
213
214
215
216
219
220
221
222
223
225
228
230
232
233
239
241
242
243
244
245
246
247
248
250
253
254
257
258
259
261
263
268
269
272
274
275
277
279
280
281
282
284
287
288
295
298
299
302
303
304
305
306
308
310
311
312
315
317
320
321
322
323
324
325
326
329
332
333
334
335
336
338
339
350
351
353
354
356
357
360
363
365
366
368
373
374
377
378
379
380
381
383
384
386
390
391
394
396
399
402
406
408
411
413
414
418
419
420
421
422
423
424
425
427
430
431
432
434
435
437
439
440
442
443
444
446
448
454
455
463
464
466
468
470
473
475
476
478
479
484
485
487
488
489
492
496
498
499
502
503
504
508
512
514
517
519
520
522
531
532
533
534
535
536
537
538
541
542
543
544
548
550
551
552
554
555
556
562
563
571
573
574
576
579
581
584
588
590
591
593
594
595
598
602
604
605
610
614
615
616
617
618
619
624
625
626
629
630
631
633
635
637
639
644
645
647
648
655
657
660
661
663
664
665
667
669
670
672
674
676
677
678
682
686
691
692
693
698
705
706
707
708
710
711
712
714
715
716
717
719
722
724
731
732
733
735
737
738
740
741
742
744
745
748
752
755
758
762
766
767
772
774
775
776
778
779
781
784
785
786
791
795
796
800
801
802
806
807
809
811
812
813
816
817
822
823
824
825
826
828
829
832
835
836
837
838
842
844
847
849
850
852
854
855
857
858
859
864
865
866
870
874
875
876
879
880
882
883
885
886
889
891
894
895
896
897
902
906
908
910
914
915
921
928
931
932
933
934
935
936
937
938
939
942
948
949
953
955
959
961
963
965
966
967
968
969
970
974
975
977
979
981
982
983
986
988
990
992
993
994
995
996
998
999
1007
1009
1010
1015
1019
1021
1022
1026
1028
1029
1030
1033
1036
1038
1039
1041
1043
1044
1046
1048
1050
1051
1054
1055
1057
1058
1060
1061
1062
1063
1064
1067
1072
1074
1075
1076
1077
1079
1080
1081
1083
1085
1091
1092
1097
1100
1102
1103
1104
1106
1107
1108
1110
1112
1114
1119
1120
1122
1124
1125
1129
1132
1133
1135
1137
1140
1141
1142
1148
1149
1150
1152
1153
1154
1155
1156
1157
1162
1164
1165
1166
1168
1170
1173
1174
1175
1182
1183
1184
1186
1191
1192
1193
1194
1195
1197
1198
1202
1204
1206
1209
1212
1213
1214
1216
1217
1220
1221
1222
1224
1225
1226
1227
1228
1229
1231
1232
1234
1237
1238
1240
1241
1245
1247
1252
1253
1254
1255
1256
1259
1260
1266
1269
1273
1275
1276
1278
1280
1282
1283
1285
1286
1289
1293
1295
1297
1299
1306
1307
1308
1311
1316
1318
1320
1321
1324
1325
1329
1333
1334
1336
1338
1340
1341
1342
1343
1345
1346
1348
1352
1354
1357
1361
1363
1368
1372
1373
1375
1376
1377
1382
1385
1391
1393
1395
1396
1398
1399
1402
1403
1407
1410
1411
1418
1423
1425
1426
1428
1429
1431
1433
1436
1437
1438
1440
1443
1445
1446
1447
1450
1452
1454
1457
1458
1461
1462
1465
1466
1467
1469
1471
1474
1476
1478
1479
1480
1481
1484
1488
1490
1492
1493
1496
1502
1503
1504
1507
1508
1509
1510
1511
1515
1518
1520
1523
1524
1525
1527
1528
1529
1530
1531
1532
1534
1537
1538
1540
1541
1544
1548
1549
1550
1551
1552
1553
1554
1555
1556
1558
1560
1561
1562
1564
1568
1569
1571
1572
1574
1578
1579
1580
1581
1583
1584
1586
1588
1589
1590
1591
1593
1594
1595
1596
1598
1599
1600
1601
1603
1609
1610
1612
1613
1616
1618
1623
1625
1626
1629
1630
1632
1633
1636
1637
1638
1642
1643
1644
1647
1648
1650
1651
1652
1655
1656
1657
1658
1661
1663
1665
1667
1668
1670
1671
1672
1674
1675
1677
1678
1679
1683
1684
1685
1688
1690
1691
1695
1698
1699
1701
1702
1703
1705
1706
1707
1710
1712
1713
1714
1715
1716
1719
1720
1722
1723
1724
1727
1730
1732
1734
1736
1738
1739
1741
1742
1748
1753
1754
1757
1758
1759
1761
1764
1766
1769
1770
1775
1776
1779
1780
1782
1784
1785
1786
1788
1789
1795
1797
1798
1799
1801
1803
1806
1807
1811
1813
1814
1818
1819
1821
1822
1823
1824
1826
1828
1829
1831
1833
1835
1838
1839
1840
1841
1842
1845
1848
1854
1857
1861
1862
1866
1868
1869
1870
1871
1874
1875
1884
1886
1889
1891
1892
1894
1895
1896
1902
1903
1904
1906
1907
1909
1913
1915
1916
1917
1920
1925
1926
1929
1930
1933
1934
1937
1938
1939
1941
1942
1948
1949
1951
1954
1955
1957
1959
1962
1963
1964
1966
1970
1971
1972
1973
1977
1980
1983
1987
1988
1989
1990
1993
1995
1996
1997
1999
2000
2001
2004
2006
2012
2013
2015
2016
2019
2023
2025
2027
2030
2034
2035
2036
2037
2038
2041
2042
2044
2046
2047
2049
2052
2056
2059
2061
2062
2065
2067
2070
2075
2077
2078
2079
2085
2088
2089
2090
2091
2092
2094
2096
2100
2103
2104
2105
2106
2107
2111
2112
2113
2116
2117
2119
2121
2123
2124
2127
2128
2136
2137
2140
2142
2144
2145
2146
2148
2149
2155
2156
2162
2163
2167
2168
2169
2170
2171
2184
2185
2187
2189
2190
2191
2194
2197
2202
2203
2206
2207
2208
2209
2210
2213
2214
2217
2219
2226
2227
2230
2231
2232
2233
2235
2237
2238
2239
2246
2249
2251
2253
2254
2255
2257
2260
2262
2263
2264
2266
2267
2268
2270
2271
2273
2274
2278
2281
2282
2283
2288
2290
2291
2296
2298
2299
2300
2301
2302
2305
2306
2307
2308
2309
2314
2316
2317
2319
2320
2321
2324
2327
2329
2332
2334
2335
2337
2340
2342
2343
2344
2345
2347
2351
2353
2354
2357
2362
2364
2369
2372
2375
2376
2379
2380
2386
2387
2388
2389
2390
2392
2393
2394
2396
2399
2400
2404
2405
2408
2411
2413
2417
2419
2420
2427
2428
2430
2433
2436
2437
2441
2442
2445
2449
2450
2451
2453
2455
2456
2459
2460
2461
2462
2464
2465
2469
2470
2471
2472
2474
2476
2478
2480
2482
2484
2487
2489
2490
2491
2492
2494
2497
2498
2502
2505
2509
2510
2512
2513
2515
2518
2521
2524
2526
2529
2533
2535
2537
2538
2539
2541
2545
2546
2547
2549
2550
2553
2554
2556
2558
2563
2564
2566
2567
2568
2569
2570
2572
2573
2576
2582
2585
2586
2587
2589
2593
2594
2596
2597
2599
2602
2603
2610
2612
2618
2619
2622
2625
2627
2630
2632
2634
2635
2636
2637
2638
2639
2640
2642
2646
2647
2648
2649
2650
2652
2653
2658
2659
2660
2661
2662
2663
2664
2665
2666
2668
2669
2670
2672
2674
2677
2678
2680
2682
2684
2685
2686
2687
2688
2691
2693
2696
2697
2699
2703
2705
2706
2714
2719
2720
2721
2722
2724
2726
2728
2730
2731
2734
2735
2739
2740
2741
2744
2745
2746
2747
2748
2751
2753
2754
2759
2760
2761
2762
2763
2764
2770
2773
2778
2780
2783
2784
2786
2788
2789
2790
2793
2796
2798
2801
2802
2803
2804
2805
2808
2811
2820
2822
2827
2829
2838
2841
2844
2846
2847
2849
2850
2851
2853
2855
2857
2858
2863
2866
2867
2869
2870
2875
2876
2878
2879
2883
2885
2886
2887
2891
2895
2896
2897
2898
2900
2901
2902
2904
2905
2906
2907
2909
2911
2912
2913
2916
2917
2918
2924
2925
2927
2928
2930
2932
2934
2938
2941
2942
2943
2944
2946
2953
2954
2955
2958
2959
2960
2961
2962
2965
2966
2967
2970
2971
2972
2974
2977
2978
2983
2985
2987
2988
2992
2993
2997
2998
3000
3002
3003
3006
3007
3008
3009
3010
3013
3014
3015
3016
3017
3019
3021
3027
3028
3031
3035
3038
3040
3041
3042
3043
3045
3047
3051
3055
3060
3065
3066
3067
3068
3069
3070
3071
3072
3077
3081
3090
3093
3094
3095
3096
3099
3100
3101
3106
3107
3108
3110
3111
3112
3113
3116
3117
3119
3121
3126
3127
3129
3133
3136
3137
3138
3140
3143
3145
3149
3150
3151
3152
3153
3154
3156
3159
3162
3168
3170
3173
3174
3175
3177
3178
3179
3181
3184
3185
3187
3189
3191
3194
3195
3200
3204
3206
3207
3208
3209
3210
3216
3217
3218
3221
3223
3224
3225
3226
3227
3229
3230
3236
3237
3245
3246
3252
3253
3254
3255
3256
3259
3260
3263
3264
3266
3268
3269
3272
3273
3277
3280
3281
3282
3285
3287
3288
3290
3292
3295
3297
3299
3300
3303
3304
3306
3310
3311
3312
3313
3315
3319
3321
3322
3323
3324
3326
3327
3329
3331
3333
3334
3335
3337
3339
3340
3343
3346
3349
3350
3354
3355
3356
3357
3360
3361
3362
3365
3366
3367
3369
3375
3376
3378
3379
3382
3383
3388
3389
3390
3392
3393
3395
3396
3397
3403
3404
3406
3409
3411
3413
3417
3419
3421
3428
3434
3435
3437
3438
3445
3449
3450
3453
3456
3458
3460
3462
3467
3469
3470
3471
3473
3475
3479
3480
3481
3482
3484
3485
3488
3489
3491
3492
3495
3497
3498
3499
3500
3501
3504
3505
3506
3507
3509
3512
3513
3516
3519
3521
3522
3523
3525
3526
3527
3528
3531
3532
3534
3535
3536
3537
3539
3541
3544
3545
3547
3548
3551
3552
3553
3555
3558
3559
3562
3563
3566
3568
3570
3571
3572
3573
3575
3578
3582
3588
3590
3591
3592
3593
3595
3600
3604
3605
3608
3610
3611
3614
3615
3620
3623
3626
3629
3631
3632
3634
3637
3638
3639
3640
3644
3645
3646
3649
3651
3656
3660
3663
3664
3666
3667
3669
3672
3674
3677
3678
3679
3684
3690
3692
3695
3696
3699
3703
3704
3707
3708
3709
3711
3714
3715
3716
3717
3719
3720
3721
3724
3725
3733
3735
3737
3738
3740
3741
3742
3743
3745
3746
3748
3750
3753
3755
3756
3757
3765
3766
3767
3768
3770
3775
3776
3777
3779
3781
3782
3783
3784
3789
3790
3791
3794
3796
3797
3799
3800
3801
3802
3803
3808
3812
3813
3815
3817
3818
3825
3827
3829
3830
3832
3833
3836
3838
3840
3844
3845
3848
3849
3850
3852
3853
3854
3856
3857
3858
3859
3860
3861
3862
3863
3864
3867
3868
3871
3872
3873
3874
3876
3879
3881
3882
3886
3889
3890
3891
3892
3893
3894
3895
3898
3899
3900
3901
3903
3904
3908
3909
3910
3912
3913
3915
3920
3921
3923
3924
3925
3927
3929
3932
3934
3935
3936
3939
3947
3949
3950
3951
3952
3953
3954
3957
3958
3960
3961
3967
3972
3974
3978
3980
3981
3982
3983
3984
3992
3993
3996
3997
3999
4001
4002
4003
4004
4005
4006
4013
4016
4018
4019
4020
4021
4022
4027
4028
4029
4031
4032
4033
4038
4039
4041
4042
4043
4046
4048
4051
4052
4054
4056
4057
4061
4063
4064
4065
4067
4068
4069
4074
4075
4076
4079
4080
4083
4085
4086
4089
4090
4092
4093
4094
4096
4100
4101
4102
4104
4105
4106
4107
4108
4109
4111
4112
4115
4116
4117
4122
4124
4125
4128
4130
4133
4134
4136
4137
4138
4139
4140
4143
4144
4145
4146
4154
4155
4158
4159
4163
4164
4170
4172
4176
4178
4180
4182
4183
4187
4191
4197
4198
4201
4202
4205
4206
4209
4211
4216
4218
4219
4220
4221
4222
4225
4226
4230
4231
4232
4234
4235
4236
4237
4238
4239
4240
4248
4249
4251
4252
4254
4258
4260
4261
4262
4264
4268
4269
4271
4273
4275
4278
4281
4283
4284
4286
4287
4289
4290
4291
4292
4294
4296
4298
4304
4307
4308
4312
4313
4314
4315
4316
4318
4320
4321
4323
4324
4325
4326
4332
4335
4338
4339
4341
4342
4343
4345
4348
4351
4352
4353
4355
4360
4362
4367
4369
4371
4376
4377
4379
4380
4381
4384
4385
4386
4389
4390
4396
4397
4401
4402
4404
4405
4406
4407
4408
4410
4413
4417
4418
4421
4426
4428
4430
4431
4432
4435
4437
4438
4439
4442
4444
4446
4448
4454
4456
4457
4459
4461
4466
4467
4475
4477
4481
4482
4484
4485
4486
4488
4489
4490
4491
4492
4495
4496
4497
4498
4499
4500
4502
4504
4507
4510
4513
4514
4515
4516
4524
4526
4529
4532
4534
4535
4536
4538
4541
4543
4544
4546
4547
4548
4549
4552
4555
4557
4558
4559
4560
4561
4562
4564
4567
4569
4570
4573
4575
4579
4580
4583
4588
4589
4592
4594
4598
4609
4613
4615
4621
4622
4624
4625
4626
4628
4630
4632
4633
4637
4640
4642
4645
4647
4649
4652
4655
4661
4663
4664
4665
4666
4667
4668
4669
4672
4675
4678
4681
4682
4685
4687
4688
4689
4690
4691
4692
4693
4695
4697
4698
4699
4701
4702
4704
4708
4711
4713
4716
4718
4723
4724
4725
4731
4733
4739
4741
4744
4745
4747
4748
4749
4751
4752
4754
4755
4757
4759
4762
4764
4770
4776
4783
4785
4787
4789
4790
4791
4792
4795
4801
4802
4803
4805
4806
4807
4808
4810
4811
4814
4816
4820
4821
4827
4828
4832
4833
4835
4840
4841
4844
4846
4848
4850
4851
4852
4853
4855
4856
4857
4859
4862
4863
4866
4873
4876
4877
4878
4882
4887
4888
4889
4891
4893
4895
4896
4898
4899
4900
4901
4902
4904
4907
4910
4912
4915
4917
4918
4920
4921
4922
4923
4924
4925
4930
4931
4935
4937
4938
4942
4944
4945
4946
4947
4950
4951
4952
4953
4955
4956
4962
4963
4964
4966
4967
4969
4972
4976
4983
4985
4986
4987
4989
4990
4992
4997
4998
4999
5001
5002
5004
5010
5012
5013
5017
5022
5023
5033
5038
5041
5048
5049
5052
5054
5055
5056
5060
5063
5066
5067
5068
5069
5070
5073
5074
5075
5076
5077
5078
5083
5087
5088
5089
5090
5091
5095
5101
5102
5104
5105
5107
5111
5113
5114
5118
5119
5120
5122
5123
5125
5134
5135
5136
5138
5139
5140
5143
5144
5146
5147
5149
5150
5154
5158
5161
5165
5168
5171
5172
5173
5174
5175
5176
5177
5178
5182
5184
5186
5188
5189
5192
5198
5199
5200
5201
5204
5205
5206
5209
5210
5211
5212
5213
5214
5215
5216
5217
5218
5221
5222
5224
5227
5229
5231
5232
5234
5235
5236
5237
5239
5241
5246
5248
5249
5251
5254
5255
5256
5257
5258
5261
5262
5263
5264
5266
5267
5268
5271
5272
5273
5274
5275
5276
5280
5282
5283
5284
5286
5293
5294
5297
5302
5304
5305
5309
5310
5312
5315
5317
5319
5320
5321
5323
5324
5327
5329
5331
5332
5333
5334
5335
5337
5338
5342
5343
5344
5345
5346
5348
5350
5353
5354
5355
5357
5358
5361
5362
5364
5365
5368
5369
5371
5372
5374
5375
5376
5381
5382
5385
5387
5389
5391
5392
5393
5394
5397
5401
5407
5410
5411
5412
5413
5415
5416
5417
5419
5420
5422
5423
5425
5426
5433
5445
5446
5447
5449
5450
5452
5453
5454
5455
5456
5457
5458
5461
5463
5464
5467
5469
5474
5477
5482
5483
5485
5487
5488
5492
5493
5494
5495
5496
5498
5500
5507
5508
5513
5514
5516
5517
5519
5531
5532
5534
5536
5537
5538
5546
5549
5550
5552
5555
5556
5557
5558
5560
5562
5564
5565
5567
5573
5575
5576
5577
5579
5580
5583
5586
5587
5588
5591
5592
5593
5594
5596
5599
5602
5604
5605
5606
5609
5610
5612
5614
5616
5618
5621
5625
5626
5627
5628
5630
5632
5633
5635
5638
5641
5642
5643
5644
5645
5646
5648
5649
5651
5653
5655
5657
5661
5662
5663
5668
5670
5671
5674
5677
5678
5679
5687
5688
5689
5690
5691
5692
5693
5694
5695
5696
5703
5704
5705
5706
5709
5711
5712
5713
5714
5716
5719
5722
5723
5725
5726
5729
5731
5732
5733
5734
5736
5739
5740
5744
5745
5747
5748
5751
5752
5754
5758
5761
5762
5763
5766
5767
5768
5769
5774
5776
5777
5778
5779
5781
5785
5786
5791
5793
5803
5804
5805
5808
5809
5810
5812
5813
5816
5819
5821
5822
5823
5824
5831
5834
5835
5837
5839
5841
5845
5846
5847
5848
5850
5851
5852
5853
5855
5856
5859
5860
5861
5871
5874
5875
5876
5878
5879
5881
5884
5885
5886
5887
5891
5892
5894
5898
5900
5901
5902
5903
5905
5906
5909
5911
5913
5917
5921
5922
5925
5926
5928
5930
5931
5932
5933
5936
5937
5940
5941
5942
5943
5944
5945
5947
5948
5955
5956
5958
5959
5960
5961
5967
5969
5970
5971
5972
5976
5978
5979
5980
5981
5982
5985
5986
5987
5989
5991
5992
5995
5997
5998
5999
6000
6001
6003
6006
6007
6009
6018
6019
6021
6022
6023
6024
6025
6029
6031
6032
6033
6036
6040
6044
6047
6048
6050
6053
6054
6055
6058
6062
6063
6065
6069
6072
6075
6077
6080
6084
6085
6086
6087
6088
6089
6090
6094
6098
6099
6102
6103
6104
6108
6111
6112
6113
6114
6123
6124
6126
6129
6132
6133
6134
6135
6136
6139
6142
6146
6147
6148
6153
6154
6156
6158
6162
6166
6167
6168
6171
6174
6175
6176
6177
6179
6182
6186
6189
6191
6192
6193
6195
6197
6198
6202
6204
6206
6207
6208
6210
6213
6215
6216
6218
6220
6222
6227
6228
6230
6232
6237
6238
6241
6242
6243
6244
6247
6248
6249
6250
6251
6253
6256
6259
6260
6264
6265
6266
6269
6270
6271
6273
6276
6279
6280
6282
6283
6285
6291
6295
6298
6301
6302
6307
6308
6309
6314
6315
6318
6319
6320
6321
6323
6327
6329
6330
6331
6337
6338
6339
6340
6341
6342
6346
6347
6348
6352
6358
6359
6361
6365
6366
6368
6370
6375
6376
6377
6379
6380
6381
6382
6383
6384
6385
6386
6387
6389
6390
6392
6394
6399
6400
6401
6402
6403
6404
6407
6410
6411
6412
6417
6418
6419
6422
6424
6428
6429
6432
6435
6438
6443
6444
6449
6454
6456
6457
6458
6459
6460
6463
6466
6467
6468
6470
6473
6474
6479
6480
6482
6484
6487
6489
6490
6491
6496
6497
6499
6500
6501
6502
6507
6509
6512
6513
6514
6515
6517
6518
6519
6521
6523
6524
6526
6528
6533
6534
6538
6540
6541
6543
6544
6546
6548
6549
6553
6555
6556
6559
6561
6562
6566
6571
6577
6578
6579
6580
6583
6586
6594
6598
6599
6603
6604
6606
6607
6609
6610
6611
6612
6613
6614
6616
6617
6618
6622
6624
6626
6627
6628
6629
6630
6633
6636
6638
6639
6641
6643
6645
6647
6648
6651
6655
6656
6657
6658
6659
6661
6663
6665
6666
6670
6672
6673
6674
6675
6676
6677
6679
6683
6684
6685
6686
6689
6690
6691
6692
6694
6695
6697
6700
6702
6705
6709
6711
6713
6715
6717
6719
6720
6721
6722
6724
6725
6726
6730
6731
6734
6735
6736
6737
6738
6739
6741
6742
6743
6744
6745
6747
6748
6750
6753
6755
6756
6757
6759
6762
6763
6765
6767
6769
6772
6773
6774
6775
6776
6778
6780
6787
6788
6791
6792
6795
6796
6798
6799
6800
6802
6804
6805
6806
6807
6808
6809
6811
6812
6815
6817
6819
6821
6828
6831
6833
6834
6835
6836
6837
6839
6843
6847
6848
6849
6850
6852
6854
6856
6858
6859
6861
6862
6865
6866
6867
6868
6870
6872
6876
6879
6883
6884
6885
6890
6891
6896
6899
6902
6903
6904
6905
6906
6907
6909
6911
6913
6914
6916
6919
6921
6922
6924
6926
6931
6934
6935
6936
6939
6946
6947
6952
6955
6957
6961
6962
6965
6967
6968
6976
6978
6979
6980
6981
6983
6984
6986
6987
6989
6992
6994
6995
6997
6998
6999
7000
7002
7004
7005
7006
7008
7011
7012
7016
7017
7018
7019
7024
7026
7027
7028
7029
7030
7032
7033
7039
7040
7043
7047
7048
7050
7052
7053
7054
7060
7062
7063
7068
7070
7071
7072
7073
7074
7076
7078
7081
7083
7089
7091
7096
7097
7098
7099
7102
7103
7106
7107
7108
7115
7116
7118
7119
7121
7126
7129
7130
7131
7132
7133
7134
7135
7139
7141
7142
7143
7144
7145
7146
7149
7150
7151
7152
7155
7160
7161
7162
7164
7165
7166
7167
7168
7172
7173
7174
7175
7177
7180
7181
7182
7184
7188
7190
7194
7195
7198
7199
7201
7203
7204
7207
7208
7209
7212
7214
7216
7218
7219
7222
7223
7225
7226
7229
7230
7233
7235
7236
7238
7241
7243
7246
7248
7249
7250
7251
7252
7254
7255
7257
7258
7260
7261
7262
7263
7264
7265
7266
7267
7268
7273
7275
7278
7280
7283
7284
7286
7287
7289
7290
7291
7293
7294
7295
7298
7300
7301
7302
7306
7307
7308
7309
7312
7320
7321
7322
7323
7324
7326
7330
7331
7332
7333
7334
7335
7340
7341
7343
7344
7345
7346
7347
7348
7352
7353
7354
7355
7356
7358
7359
7362
7366
7367
7370
7372
7373
7377
7379
7383
7384
7387
7388
7391
7394
7395
7399
7401
7403
7405
7406
7412
7415
7416
7417
7418
7419
7420
7426
7427
7428
7429
7430
7431
7432
7433
7434
7435
7437
7440
7441
7442
7443
7445
7447
7452
7453
7455
7457
7459
7461
7463
7466
7468
7472
7473
7477
7478
7480
7481
7482
7486
7487
7489
7491
7492
7493
7494
7499
7500
7501
7502
7507
7508
7509
7510
7513
7514
7515
7516
7517
7522
7524
7525
7528
7532
7533
7535
7536
7538
7539
7541
7542
7544
7546
7550
7552
7553
7554
7555
7556
7557
7558
7559
7560
7561
7563
7565
7568
7572
7575
7576
7579
7581
7582
7584
7588
7591
7592
7596
7597
7603
7604
7605
7606
7607
7613
7615
7616
7617
7618
7620
7622
7623
7624
7627
7629
7630
7633
7634
7636
7638
7639
7640
7644
7645
7646
7647
7651
7652
7653
7654
7655
7656
7659
7662
7666
7670
7674
7677
7682
7687
7690
7691
7693
7697
7701
7706
7708
7712
7713
7714
7717
7719
7721
7724
7725
7726
7727
7729
7731
7732
7733
7734
7737
7739
7740
7745
7747
7749
7752
7755
7756
7759
7760
7766
7768
7770
7773
7778
7783
7785
7789
7790
7791
7792
7794
7796
7797
7799
7801
7803
7806
7807
7809
7810
7811
7812
7814
7815
7817
7821
7822
7825
7828
7831
7834
7835
7838
7839
7840
7841
7846
7850
7851
7854
7858
7860
7861
7863
7871
7872
7873
7878
7881
7886
7887
7893
7894
7895
7896
7898
7899
7903
7906
7907
7908
7910
7912
7913
7918
7920
7921
7924
7925
7930
7931
7936
7938
7942
7943
7948
7951
7953
7955
7956
7958
7959
7964
7965
7966
7967
7969
7971
7974
7975
7979
7981
7982
7986
7987
7988
7991
7993
7994
7995
7998
8002
8003
8004
8008
8009
8011
8013
8014
8016
8019
8020
8022
8027
8028
8029
8030
8031
8032
8037
8038
8042
8044
8045
8047
8048
8052
8054
8055
8060
8063
8064
8065
8066
8068
8071
8072
8074
8076
8077
8078
8081
8082
8084
8085
8088
8089
8090
8092
8095
8100
8101
8102
8107
8108
8109
8110
8113
8114
8116
8119
8120
8122
8123
8126
8127
8128
8129
8130
8131
8132
8134
8137
8142
8145
8149
8152
8154
8155
8158
8161
8162
8163
8167
8168
8169
8176
8180
8181
8183
8184
8186
8189
8191
92
0
128
2
131
5
389
136
9
265
10
266
140
141
397
143
273
404
22
24
152
408
25
409
26
31
287
34
290
294
171
44
301
48
52
310
55
311
56
314
316
61
64
321
196
324
69
325
326
71
199
200
74
202
77
79
336
82
338
83
339
213
341
86
342
215
343
217
220
93
96
100
101
103
107
363
108
112
368
114
242
244
245
373
246
120
248
122
124
253
126
254
383
