868
2049
2050
3
2051
5
6
2055
8
2056
9
2057
10
2060
14
2062
15
16
22
23
2071
25
26
30
2079
34
2083
36
37
39
2087
41
2089
42
43
2094
2095
2096
52
53
2104
59
2108
2109
67
69
71
2120
2123
2124
77
2125
2126
79
2128
2132
88
2137
2139
2140
2143
98
101
2149
102
2150
104
2155
108
2157
113
114
115
2164
118
119
2167
121
122
2171
2173
126
128
2176
129
131
2181
134
135
138
2186
2187
141
2189
144
145
146
2195
2197
2200
154
155
157
2206
159
160
2209
162
164
165
166
2215
2216
169
2217
175
176
2226
2227
183
2231
184
2232
185
186
188
191
2241
196
197
2245
201
202
2250
204
206
2254
208
212
214
2264
2265
2267
220
221
2269
223
228
229
2280
234
2282
238
240
241
242
2290
2291
244
2295
2296
2298
251
257
2307
261
265
2315
268
2316
270
271
273
2323
2326
279
280
283
2331
2332
2333
286
2335
289
2337
291
292
2340
293
295
2344
2345
2346
2349
302
2350
314
315
2363
316
2365
2366
2368
321
2369
2372
326
328
2377
330
332
2381
337
2385
338
2392
346
2394
349
350
2398
352
2401
354
357
2406
2410
363
365
2413
367
2416
2418
2419
373
374
375
2423
2424
378
379
2430
383
2435
389
390
392
393
395
2444
397
2445
399
2448
401
2453
406
2454
2455
2456
2458
411
2460
2461
414
2462
417
2466
2467
420
2469
422
2470
424
2472
2473
2474
2475
2476
2478
432
2480
433
2482
2484
2493
447
2495
2497
2498
2499
452
2502
455
2503
457
2505
2512
2513
468
2516
2518
2520
2521
2523
2524
478
2526
2529
2531
2532
2533
2534
489
490
491
492
2540
493
2541
494
2544
497
501
2550
503
2551
2553
506
508
2556
509
2559
514
2563
516
2565
2566
519
520
2569
522
2571
2572
526
530
531
2582
535
2583
536
2586
539
2587
541
542
545
550
2598
551
2599
552
2601
554
556
2608
564
565
2613
2614
574
2623
2624
577
579
580
588
590
593
594
596
601
602
603
607
613
617
619
624
625
628
631
638
641
646
647
649
651
655
656
659
660
661
663
670
672
673
674
680
682
685
687
691
697
698
699
700
706
707
708
711
712
720
734
739
741
743
744
745
747
748
753
756
757
759
760
761
764
766
768
769
771
772
774
776
777
778
781
783
786
796
799
801
803
804
807
812
817
826
829
835
837
843
846
851
853
856
858
859
861
864
867
868
869
872
885
886
888
890
893
894
895
899
901
907
910
916
919
923
925
932
935
936
939
940
945
952
953
955
956
959
963
966
968
971
979
984
988
992
993
994
995
998
999
1000
1009
1016
1018
1026
1031
1035
1036
1037
1046
1047
1048
1050
1056
1061
1065
1066
1068
1069
1073
1074
1076
1078
1086
1087
1089
1090
1092
1096
1098
1100
1101
1103
1107
1110
1112
1113
1115
1122
1127
1130
1134
1141
1142
1143
1147
1149
1158
1166
1174
1177
1179
1181
1183
1186
1189
1192
1193
1199
1201
1202
1206
1208
1209
1215
1220
1221
1228
1229
1230
1236
1239
1244
1245
1249
1254
1256
1263
1264
1266
1273
1278
1280
1288
1291
1299
1303
1304
1306
1307
1309
1314
1317
1321
1322
1323
1331
1332
1338
1340
1342
1344
1353
1357
1360
1361
1362
1366
1368
1369
1371
1374
1377
1379
1381
1383
1394
1395
1398
1399
1400
1402
1406
1408
1409
1411
1412
1418
1423
1425
1430
1434
1435
1441
1442
1444
1448
1452
1453
1456
1458
1459
1460
1463
1464
1465
1469
1470
1471
1474
1475
1476
1477
1479
1481
1482
1484
1489
1490
1492
1498
1500
1503
1505
1510
1511
1513
1518
1519
1520
1521
1524
1529
1530
1532
1534
1535
1539
1541
1542
1545
1546
1550
1554
1555
1557
1559
1562
1564
1565
1566
1568
1570
1571
1576
1577
1578
1579
1581
1584
1592
1596
1600
1601
1604
1606
1608
1610
1613
1616
1619
1628
1629
1630
1637
1640
1642
1650
1654
1656
1657
1658
1659
1661
1666
1670
1673
1676
1681
1684
1686
1688
1692
1696
1698
1703
1704
1708
1709
1710
1712
1713
1714
1717
1720
1723
1728
1731
1740
1747
1752
1756
1759
1764
1765
1766
1767
1771
1773
1776
1777
1779
1782
1784
1790
1791
1793
1795
1796
1797
1798
1803
1810
1811
1814
1815
1816
1820
1822
1826
1828
1829
1836
1837
1838
1843
1844
1846
1849
1850
1851
1852
1854
1855
1858
1860
1861
1862
1863
1868
1869
1870
1871
1876
1882
1885
1889
1890
1891
1892
1893
1894
1896
1897
1901
1910
1916
1921
1922
1924
1925
1926
1931
1935
1942
1948
1955
1958
1964
1968
1972
1974
1976
1979
1982
1984
1987
1988
1991
1997
2001
2002
2007
2008
2012
2017
2022
2023
2028
2029
2031
2034
2035
2041
2045
49
129
2
134
7
10
147
20
153
26
154
155
28
156
157
32
34
39
41
42
43
45
46
54
56
57
58
59
60
61
69
70
71
72
73
78
81
83
84
90
94
96
97
99
107
110
112
113
118
120
