6927
1
5
6
7
8
9
10
11
13
15
16
17
18
20
22
24
25
28
30
31
34
38
40
41
45
47
48
49
53
56
58
60
61
62
65
66
68
69
75
76
77
78
79
81
84
85
87
88
89
92
95
96
97
101
102
105
106
107
108
109
110
111
113
114
116
117
119
120
123
124
125
126
127
129
130
131
133
134
135
136
137
141
142
143
145
149
151
152
154
157
158
159
160
161
162
163
168
169
172
173
174
175
181
185
187
190
191
192
194
195
196
197
198
199
201
205
206
210
211
214
215
216
217
219
222
225
228
229
232
236
237
238
239
240
241
242
243
247
248
249
251
252
253
257
258
263
266
267
268
270
273
274
275
279
281
282
284
288
290
291
294
295
298
304
305
308
310
314
317
318
319
321
322
323
324
325
326
329
330
331
332
333
334
335
336
337
338
342
345
350
351
352
353
354
356
360
364
366
367
368
369
370
373
375
378
379
381
382
383
385
386
387
388
390
392
393
395
397
398
401
405
407
410
411
414
415
416
417
418
419
422
423
424
425
426
428
429
430
431
432
434
436
439
440
441
443
447
450
452
455
457
459
463
464
465
466
467
468
469
471
473
476
477
479
480
481
483
485
486
488
489
491
492
494
495
497
499
501
502
507
508
510
512
513
517
518
523
524
525
529
531
533
534
535
537
540
542
543
547
548
554
556
557
560
562
565
566
568
570
571
572
573
576
577
578
579
580
581
583
584
586
589
592
596
597
598
609
610
611
612
614
616
618
620
621
624
626
629
630
631
633
634
636
638
641
645
646
647
648
649
651
654
655
656
658
660
661
662
663
664
666
669
670
671
672
673
674
676
677
678
680
681
684
686
687
688
689
690
691
692
694
697
698
700
702
704
706
708
709
710
713
716
717
720
721
722
725
726
727
729
731
732
733
736
737
740
741
744
745
747
749
750
752
753
755
757
758
760
761
762
763
766
768
770
771
772
774
777
779
780
781
782
784
785
786
787
788
789
791
793
796
798
800
803
804
805
806
810
811
813
816
818
820
821
823
828
829
830
831
832
835
836
838
839
840
841
842
844
845
846
848
851
854
856
857
858
859
860
861
862
864
865
866
867
868
871
872
873
877
878
879
880
881
884
887
888
889
890
891
893
894
897
898
900
904
905
906
907
908
912
913
915
916
920
921
922
923
924
925
926
927
928
930
931
933
934
935
938
939
940
941
944
945
947
951
952
953
954
955
956
957
958
959
961
962
963
964
965
966
968
970
972
973
975
976
977
978
980
983
984
985
988
989
990
991
995
996
1001
1002
1003
1005
1006
1007
1016
1017
1018
1019
1020
1021
1022
1023
1024
1028
1031
1033
1035
1037
1039
1041
1043
1044
1045
1049
1050
1051
1054
1056
1058
1061
1062
1063
1064
1065
1066
1072
1073
1074
1075
1077
1079
1080
1081
1082
1083
1086
1088
1090
1091
1092
1093
1094
1095
1096
1097
1098
1099
1100
1101
1103
1109
1110
1113
1114
1115
1117
1118
1119
1120
1121
1123
1124
1128
1129
1137
1138
1139
1144
1145
1149
1151
1152
1153
1154
1155
1157
1158
1159
1160
1166
1167
1169
1170
1171
1172
1173
1175
1176
1179
1180
1182
1183
1184
1185
1186
1189
1191
1193
1198
1199
1200
1201
1202
1203
1204
1207
1209
1211
1212
1213
1216
1217
1220
1221
1222
1227
1231
1234
1236
1239
1243
1244
1246
1247
1248
1249
1250
1251
1253
1256
1257
1258
1269
1270
1273
1275
1277
1278
1280
1282
1284
1285
1286
1288
1290
1291
1292
1293
1294
1295
1296
1298
1299
1300
1301
1304
1305
1307
1309
1310
1311
1320
1321
1324
1326
1327
1328
1329
1330
1332
1333
1334
1335
1337
1338
1339
1341
1342
1345
1346
1348
1349
1351
1352
1353
1356
1357
1359
1361
1362
1363
1368
1371
1373
1375
1376
1377
1379
1380
1384
1386
1387
1390
1391
1392
1393
1394
1395
1397
1399
1401
1402
1403
1405
1407
1408
1410
1411
1412
1414
1415
1420
1421
1424
1425
1426
1427
1428
1432
1433
1434
1435
1437
1438
1440
1441
1443
1445
1446
1448
1449
1450
1451
1453
1456
1457
1460
1461
1462
1463
1465
1466
1467
1468
1470
1473
1474
1475
1477
1478
1479
1482
1483
1485
1486
1488
1492
1494
1495
1497
1498
1499
1501
1502
1503
1508
1510
1512
1513
1516
1517
1520
1522
1524
1526
1529
1530
1534
1536
1538
1539
1542
1543
1544
1547
1553
1554
1555
1557
1559
1562
1570
1571
1573
1575
1579
1584
1585
1592
1594
1595
1596
1597
1598
1600
1601
1604
1605
1606
1607
1608
1610
1611
1612
1614
1615
1616
1617
1618
1620
1621
1623
1625
1626
1631
1635
1637
1638
1639
1641
1642
1643
1646
1648
1649
1651
1652
1654
1658
1659
1661
1663
1672
1678
1681
1682
1684
1685
1686
1687
1688
1689
1692
1693
1694
1696
1698
1699
1700
1701
1702
1703
1705
1706
1709
1710
1711
1712
1714
1715
1716
1718
1720
1721
1722
1723
1724
1725
1726
1727
1728
1730
1732
1733
1734
1735
1736
1741
1742
1743
1744
1745
1747
1749
1750
1752
1753
1756
1759
1760
1763
1764
1765
1767
1769
1773
1774
1775
1776
1779
1780
1781
1786
1787
1789
1791
1792
1796
1797
1801
1804
1806
1807
1810
1811
1815
1816
1817
1818
1819
1820
1821
1824
1826
1827
1828
1831
1832
1833
1836
1838
1841
1843
1844
1845
1846
1850
1852
1855
1856
1859
1862
1864
1865
1866
1867
1868
1869
1871
1873
1875
1876
1877
1878
1879
1884
1887
1888
1889
1894
1895
1896
1898
1899
1900
1901
1902
1904
1905
1906
1910
1915
1916
1919
1920
1922
1923
1924
1925
1926
1927
1929
1930
1931
1932
1933
1935
1936
1937
1940
1944
1947
1948
1950
1952
1956
1957
1958
1963
1964
1965
1966
1967
1973
1974
1976
1977
1978
1979
1980
1981
1983
1984
1990
1993
1994
1996
1997
2000
2001
2003
2004
2007
2008
2009
2011
2012
2013
2014
2015
2016
2018
2020
2021
2024
2025
2026
2027
2029
2030
2031
2033
2034
2035
2036
2037
2038
2039
2040
2043
2045
2047
2048
2049
2051
2054
2055
2056
2057
2058
2059
2060
2062
2063
2064
2065
2066
2068
2069
2070
2072
2077
2078
2079
2080
2082
2084
2085
2087
2090
2094
2095
2100
2102
2103
2106
2108
2109
2110
2111
2112
2113
2114
2115
2117
2118
2120
2126
2127
2128
2129
2131
2132
2133
2134
2136
2138
2140
2141
2142
2143
2144
2145
2146
2149
2150
2151
2157
2158
2160
2162
2163
2164
2166
2169
2170
2171
2172
2173
2177
2178
2181
2182
2185
2190
2191
2192
2193
2194
2195
2196
2197
2202
2203
2204
2205
2206
2210
2211
2212
2213
2214
2217
2219
2220
2223
2224
2232
2233
2238
2240
2241
2243
2244
2247
2249
2251
2252
2257
2259
2261
2264
2265
2266
2269
2270
2271
2272
2273
2274
2275
2276
2279
2282
2283
2285
2291
2292
2295
2296
2297
2298
2299
2300
2302
2303
2304
2306
2307
2309
2313
2314
2315
2317
2318
2319
2320
2321
2323
2324
2325
2328
2329
2330
2331
2333
2334
2335
2336
2337
2341
2342
2343
2344
2347
2349
2353
2356
2359
2360
2361
2362
2363
2364
2365
2366
2367
2369
2370
2371
2373
2375
2377
2378
2379
2381
2385
2387
2388
2389
2390
2392
2393
2394
2395
2396
2397
2401
2402
2403
2404
2406
2407
2408
2410
2412
2413
2417
2420
2421
2422
2423
2425
2427
2428
2429
2430
2435
2439
2441
2442
2443
2444
2446
2447
2450
2451
2452
2453
2455
2456
2459
2460
2461
2463
2465
2466
2468
2469
2471
2473
2474
2475
2476
2480
2481
2482
2484
2486
2487
2489
2490
2491
2494
2495
2496
2497
2501
2502
2503
2509
2512
2513
2515
2518
2520
2521
2522
2523
2529
2531
2532
2533
2534
2535
2538
2539
2543
2544
2546
2547
2548
2549
2551
2552
2553
2554
2555
2556
2559
2560
2561
2562
2563
2568
2569
2573
2576
2577
2579
2580
2582
2587
2588
2590
2592
2594
2599
2601
2603
2605
2608
2609
2610
2611
2613
2619
2624
2627
2628
2629
2630
2631
2636
2637
2639
2640
2641
2642
2646
2647
2648
2652
2654
2656
2659
2660
2662
2664
2665
2670
2672
2673
2674
2676
2678
2679
2680
2687
2689
2690
2691
2692
2695
2696
2699
2700
2701
2704
2706
2708
2709
2710
2711
2712
2715
2718
2721
2722
2728
2729
2730
2731
2732
2733
2735
2737
2738
2739
2741
2742
2744
2745
2748
2749
2751
2753
2756
2757
2758
2759
2760
2764
2765
2767
2768
2769
2771
2772
2773
2778
2781
2782
2783
2784
2786
2787
2789
2790
2791
2792
2794
2796
2797
2798
2799
2800
2801
2802
2804
2805
2807
2811
2812
2816
2817
2818
2819
2821
2825
2826
2827
2828
2829
2831
2832
2833
2834
2835
2837
2838
2841
2842
2843
2844
2845
2846
2848
2849
2850
2851
2855
2858
2859
2860
2862
2863
2865
2867
2868
2870
2872
2874
2875
2878
2879
2880
2882
2884
2885
2886
2887
2888
2889
2892
2893
2894
2895
2896
2899
2900
2901
2902
2903
2908
2909
2911
2918
2922
2925
2926
2930
2931
2933
2935
2936
2937
2938
2942
2943
2947
2948
2951
2955
2957
2960
2962
2963
2964
2967
2968
2969
2972
2976
2977
2979
2980
2981
2984
2985
2987
2988
2990
2991
2993
2994
2997
2998
2999
3001
3002
3005
3006
3007
3008
3011
3013
3014
3016
3019
3023
3025
3026
3027
3030
3032
3033
3034
3036
3037
3038
3039
3041
3042
3043
3045
3046
3049
3050
3052
3053
3054
3056
3060
3061
3062
3063
3065
3066
3067
3069
3071
3072
3073
3074
3076
3077
3078
3080
3086
3094
3096
3097
3098
3099
3100
3101
3103
3104
3106
3107
3108
3111
3112
3114
3115
3119
3120
3122
3125
3128
3129
3130
3131
3132
3134
3136
3139
3140
3141
3142
3143
3144
3147
3150
3151
3153
3154
3155
3156
3157
3159
3160
3161
3162
3165
3166
3168
3169
3170
3171
3172
3175
3178
3181
3182
3183
3184
3186
3191
3194
3197
3198
3200
3203
3207
3208
3209
3211
3212
3215
3220
3221
3224
3225
3228
3229
3231
3237
3240
3241
3242
3246
3247
3249
3250
3251
3252
3254
3255
3256
3257
3259
3260
3261
3262
3263
3265
3266
3267
3269
3273
3274
3275
3276
3283
3285
3287
3288
3289
3290
3291
3295
3297
3298
3299
3301
3302
3304
3305
3307
3308
3309
3310
3311
3312
3315
3317
3319
3320
3321
3323
3324
3326
3327
3329
3330
3331
3332
3334
3335
3337
3339
3340
3342
3344
3349
3351
3353
3354
3355
3357
3362
3365
3367
3369
3370
3371
3372
3373
3374
3377
3380
3381
3383
3385
3388
3392
3393
3395
3396
3400
3402
3403
3404
3405
3406
3408
3411
3412
3413
3415
3417
3420
3422
3426
3429
3430
3432
3433
3434
3435
3436
3437
3438
3439
3441
3442
3443
3444
3446
3448
3449
3451
3454
3455
3456
3457
3459
3461
3462
3463
3464
3465
3466
3467
3468
3470
3471
3473
3474
3476
3478
3480
3481
3482
3483
3484
3485
3486
3487
3489
3491
3492
3496
3497
3498
3499
3500
3502
3504
3508
3509
3510
3511
3512
3515
3518
3519
3524
3525
3526
3527
3528
3530
3531
3534
3535
3537
3538
3539
3540
3542
3543
3546
3547
3548
3552
3555
3556
3557
3559
3563
3566
3568
3570
3574
3575
3576
3578
3580
3584
3585
3586
3589
3590
3591
3592
3593
3594
3595
3597
3598
3599
3601
3606
3607
3608
3609
3610
3611
3612
3614
3617
3620
3621
3625
3626
3627
3630
3631
3633
3634
3636
3637
3638
3639
3640
3641
3643
3644
3647
3648
3649
3650
3652
3654
3655
3656
3659
3660
3662
3666
3668
3673
3675
3676
3678
3679
3680
3684
3685
3686
3689
3692
3698
3699
3700
3701
3703
3707
3708
3709
3711
3712
3713
3714
3715
3716
3717
3720
3721
3722
3724
3726
3729
3730
3731
3733
3734
3735
3737
3738
3739
3740
3743
3751
3752
3753
3754
3755
3756
3757
3758
3762
3763
3765
3766
3768
3769
3770
3773
3776
3777
3779
3781
3784
3786
3787
3789
3790
3791
3792
3793
3794
3795
3803
3804
3806
3809
3810
3811
3814
3817
3819
3823
3825
3826
3827
3829
3833
3834
3835
3836
3838
3839
3840
3841
3842
3844
3845
3846
3847
3848
3850
3854
3855
3859
3860
3861
3863
3866
3870
3872
3876
3878
3880
3881
3882
3883
3884
3885
3887
3890
3891
3892
3893
3895
3896
3899
3900
3901
3906
3907
3912
3913
3914
3915
3916
3917
3919
3920
3921
3922
3923
3924
3925
3926
3927
3929
3930
3931
3932
3934
3935
3939
3941
3942
3944
3945
3946
3948
3950
3951
3954
3956
3957
3959
3960
3961
3962
3963
3967
3968
3970
3972
3975
3976
3977
3983
3984
3989
3992
3993
3995
3996
3997
4000
4003
4004
4005
4006
4008
4010
4014
4015
4017
4018
4020
4021
4023
4024
4026
4029
4032
4035
4036
4037
4038
4040
4041
4042
4043
4044
4046
4048
4050
4052
4053
4056
4058
4059
4060
4061
4062
4063
4064
4065
4067
4069
4070
4073
4074
4077
4078
4079
4080
4081
4082
4084
4085
4093
4094
4096
4097
4099
4100
4102
4106
4107
4108
4109
4111
4112
4114
4117
4118
4119
4120
4121
4122
4123
4126
4129
4130
4131
4132
4133
4134
4136
4139
4141
4143
4144
4145
4147
4150
4151
4152
4154
4155
4157
4158
4160
4162
4163
4164
4166
4167
4170
4172
4173
4174
4175
4176
4178
4180
4181
4183
4184
4186
4187
4188
4189
4190
4191
4193
4195
4196
4199
4200
4202
4203
4204
4206
4208
4210
4211
4212
4214
4215
4216
4217
4218
4219
4220
4221
4222
4224
4226
4231
4232
4233
4234
4235
4237
4238
4240
4241
4242
4243
4244
4245
4246
4247
4250
4253
4254
4255
4257
4261
4263
4264
4265
4269
4270
4271
4272
4274
4276
4280
4281
4282
4283
4286
4288
4289
4296
4297
4302
4303
4305
4306
4308
4311
4314
4316
4317
4319
4320
4322
4323
4324
4325
4328
4329
4330
4331
4332
4334
4336
4338
4341
4343
4345
4348
4349
4350
4352
4353
4354
4357
4358
4362
4364
4365
4366
4367
4369
4370
4375
4379
4381
4383
4384
4386
4388
4391
4393
4395
4396
4398
4401
4404
4405
4406
4409
4410
4411
4413
4416
4417
4418
4419
4422
4425
4426
4427
4428
4429
4430
4431
4432
4433
4436
4437
4439
4441
4445
4452
4453
4454
4455
4456
4457
4458
4463
4464
4465
4467
4469
4471
4473
4477
4479
4480
4481
4482
4483
4484
4485
4486
4488
4491
4492
4494
4496
4497
4499
4500
4502
4503
4506
4508
4512
4513
4515
4516
4517
4518
4522
4523
4528
4529
4530
4532
4534
4535
4536
4541
4543
4544
4545
4546
4547
4548
4551
4552
4555
4556
4566
4569
4570
4571
4572
4575
4578
4581
4584
4585
4586
4587
4592
4594
4597
4598
4600
4601
4602
4605
4606
4608
4609
4611
4612
4613
4616
4617
4619
4620
4622
4624
4625
4626
4632
4633
4634
4636
4637
4638
4639
4640
4644
4645
4649
4650
4651
4652
4653
4654
4658
4661
4662
4665
4666
4668
4669
4670
4672
4673
4674
4675
4676
4677
4678
4679
4681
4682
4685
4687
4690
4692
4694
4698
4699
4701
4702
4703
4704
4707
4716
4717
4718
4719
4720
4722
4723
4724
4727
4729
4730
4731
4732
4734
4735
4740
4741
4744
4745
4748
4750
4753
4756
4757
4758
4760
4765
4768
4769
4770
4771
4772
4773
4774
4775
4777
4779
4781
4782
4783
4784
4786
4787
4788
4791
4793
4795
4797
4798
4799
4800
4803
4804
4805
4806
4807
4808
4809
4810
4811
4812
4817
4818
4819
4820
4821
4822
4824
4826
4827
4830
4832
4833
4834
4837
4838
4842
4844
4845
4847
4851
4852
4853
4856
4857
4858
4861
4862
4865
4866
4867
4868
4869
4870
4871
4875
4876
4878
4879
4881
4882
4883
4884
4886
4887
4888
4889
4891
4892
4893
4894
4895
4901
4902
4904
4905
4906
4907
4908
4909
4911
4913
4915
4917
4921
4926
4927
4929
4930
4931
4934
4936
4937
4939
4942
4947
4948
4949
4950
4952
4953
4954
4955
4956
4957
4958
4959
4962
4963
4965
4966
4967
4968
4972
4973
4977
4978
4986
4987
4988
4989
4992
4993
4995
4998
5000
5002
5003
5004
5005
5006
5009
5010
5011
5013
5018
5019
5021
5022
5024
5025
5026
5027
5028
5031
5033
5037
5043
5044
5046
5049
5050
5051
5053
5054
5058
5060
5061
5062
5063
5064
5065
5066
5067
5069
5071
5072
5075
5077
5079
5080
5081
5082
5084
5089
5091
5094
5095
5096
5097
5098
5099
5101
5103
5104
5106
5107
5108
5109
5110
5112
5113
5114
5117
5118
5120
5121
5122
5123
5124
5125
5126
5127
5128
5131
5134
5136
5137
5138
5139
5141
5142
5143
5144
5145
5147
5150
5151
5152
5153
5155
5159
5160
5161
5162
5164
5166
5167
5168
5169
5171
5172
5173
5174
5175
5176
5178
5179
5180
5181
5183
5185
5188
5189
5196
5200
5201
5203
5204
5211
5213
5216
5217
5218
5223
5224
5226
5227
5228
5229
5230
5231
5232
5236
5237
5239
5240
5241
5245
5248
5249
5253
5255
5257
5259
5260
5261
5263
5264
5265
5266
5267
5269
5270
5274
5275
5277
5282
5283
5284
5285
5287
5288
5290
5291
5293
5295
5296
5297
5298
5299
5301
5302
5305
5306
5307
5309
5310
5311
5313
5314
5315
5317
5318
5322
5324
5326
5327
5328
5331
5332
5335
5336
5337
5338
5340
5342
5346
5347
5348
5349
5350
5353
5354
5355
5356
5357
5358
5362
5363
5364
5365
5368
5371
5375
5376
5377
5378
5379
5380
5381
5383
5384
5386
5388
5389
5390
5394
5396
5397
5401
5402
5404
5406
5408
5410
5413
5414
5415
5416
5417
5418
5419
5421
5423
5427
5428
5429
5430
5431
5432
5433
5434
5435
5436
5438
5439
5440
5441
5443
5444
5445
5447
5449
5451
5452
5453
5457
5458
5459
5461
5462
5463
5465
5467
5468
5470
5471
5472
5473
5474
5475
5477
5478
5479
5482
5483
5488
5490
5491
5492
5498
5499
5501
5502
5503
5504
5505
5506
5508
5509
5510
5512
5513
5514
5516
5519
5520
5522
5523
5526
5527
5529
5530
5531
5532
5534
5537
5540
5541
5543
5548
5549
5550
5551
5552
5554
5555
5556
5559
5560
5566
5568
5570
5572
5573
5574
5575
5576
5577
5578
5580
5582
5583
5584
5586
5588
5589
5591
5592
5595
5596
5597
5599
5600
5603
5604
5605
5607
5608
5609
5610
5612
5613
5616
5618
5619
5622
5623
5625
5626
5628
5632
5634
5636
5637
5638
5639
5640
5641
5643
5646
5649
5651
5653
5654
5655
5657
5659
5660
5663
5664
5666
5667
5668
5671
5673
5674
5679
5680
5681
5684
5685
5690
5691
5695
5697
5698
5699
5702
5703
5708
5709
5716
5724
5726
5727
5728
5729
5730
5733
5734
5735
5738
5740
5742
5743
5745
5746
5748
5754
5755
5757
5759
5763
5766
5767
5768
5770
5771
5772
5773
5778
5779
5780
5782
5783
5786
5788
5790
5792
5795
5796
5799
5800
5802
5804
5807
5808
5811
5813
5815
5819
5821
5822
5823
5824
5831
5832
5837
5838
5839
5840
5841
5842
5843
5845
5846
5847
5850
5852
5854
5859
5860
5862
5863
5869
5871
5874
5876
5877
5879
5880
5883
5885
5886
5887
5888
5889
5890
5891
5892
5893
5894
5896
5897
5898
5901
5902
5903
5907
5908
5909
5910
5912
5914
5915
5916
5917
5920
5921
5922
5923
5924
5925
5926
5927
5928
5929
5930
5931
5932
5935
5936
5938
5941
5942
5949
5951
5952
5953
5955
5957
5961
5963
5964
5966
5967
5969
5970
5971
5974
5977
5979
5983
5985
5987
5988
5991
5992
5995
5996
5997
6000
6001
6002
6003
6005
6007
6009
6010
6013
6015
6017
6019
6021
6022
6023
6025
6026
6027
6029
6031
6032
6033
6035
6036
6041
6043
6045
6047
6048
6049
6050
6051
6052
6053
6055
6056
6059
6064
6067
6068
6071
6072
6073
6075
6077
6078
6080
6082
6083
6086
6089
6092
6093
6094
6095
6096
6097
6099
6100
6101
6102
6103
6104
6105
6106
6107
6108
6110
6111
6113
6116
6117
6119
6121
6122
6124
6126
6127
6134
6135
6136
6137
6140
6141
6142
6147
6149
6151
6152
6153
6154
6156
6158
6159
6160
6162
6163
6164
6166
6167
6171
6172
6176
6177
6179
6180
6181
6182
6185
6186
6187
6189
6192
6194
6196
6200
6201
6203
6212
6213
6217
6218
6220
6225
6230
6231
6232
6235
6236
6237
6238
6239
6240
6241
6242
6243
6245
6246
6248
6249
6250
6251
6252
6254
6257
6258
6259
6260
6261
6262
6263
6264
6265
6267
6268
6270
6271
6272
6273
6275
6277
6281
6282
6283
6285
6286
6287
6289
6290
6293
6294
6295
6300
6301
6303
6304
6310
6311
6312
6315
6316
6317
6319
6320
6321
6326
6330
6334
6335
6336
6337
6338
6341
6343
6344
6345
6347
6349
6350
6351
6352
6354
6356
6358
6359
6360
6363
6364
6367
6368
6370
6372
6374
6376
6377
6379
6382
6383
6384
6385
6389
6391
6392
6393
6396
6398
6399
6403
6405
6407
6410
6411
6412
6413
6415
6416
6420
6421
6424
6425
6426
6427
6428
6431
6432
6433
6434
6436
6437
6439
6442
6444
6445
6451
6453
6457
6464
6465
6466
6467
6469
6470
6471
6479
6480
6481
6482
6483
6484
6486
6488
6489
6490
6491
6492
6493
6495
6497
6499
6503
6504
6506
6508
6510
6513
6515
6516
6517
6518
6522
6525
6527
6528
6529
6533
6534
6536
6537
6538
6543
6545
6546
6547
6550
6551
6552
6555
6558
6560
6561
6566
6567
6568
6569
6571
6572
6573
6574
6576
6577
6578
6580
6581
6582
6583
6586
6587
6589
6592
6593
6594
6596
6597
6600
6601
6602
6608
6610
6612
6617
6618
6619
6620
6623
6624
6625
6626
6627
6628
6630
6631
6632
6634
6635
6637
6638
6641
6642
6645
6646
6654
6655
6656
6659
6663
6664
6665
6666
6667
6668
6669
6670
6672
6673
6674
6675
6676
6679
6681
6683
6686
6688
6689
6691
6692
6693
6695
6698
6701
6703
6704
6706
6707
6708
6709
6710
6712
6713
6714
6715
6717
6722
6726
6730
6731
6733
6734
6735
6736
6740
6744
6745
6746
6749
6750
6751
6753
6754
6755
6757
6760
6761
6762
6763
6764
6765
6766
6768
6769
6770
6772
6773
6774
6775
6776
6779
6780
6783
6787
6793
6794
6795
6796
6798
6799
6802
6803
6805
6806
6807
6808
6813
6814
6815
6816
6817
6818
6819
6821
6824
6831
6832
6833
6834
6837
6839
6842
6843
6846
6847
6849
6850
6853
6854
6855
6857
6860
6861
6862
6864
6866
6867
6871
6875
6877
6879
6880
6881
6882
6884
6886
6887
6890
6892
6894
6898
6900
6901
6902
6906
6907
6908
6912
6914
6915
6917
6918
6921
6923
6925
6927
6929
6930
6932
6933
6934
6936
6937
6939
6940
6941
6944
6945
6948
6949
6950
6951
6952
6955
6956
6957
6959
6961
6962
6966
6967
6968
6969
6970
6976
6979
6981
6982
6984
6986
6987
6989
6991
6992
6993
6994
6995
6996
6997
6998
7000
7002
7004
7007
7010
7011
7014
7015
7019
7020
7021
7022
7024
7025
7029
7033
7034
7038
7041
7042
7043
7044
7045
7047
7048
7049
7050
7052
7053
7054
7055
7056
7058
7060
7063
7067
7069
7073
7074
7077
7084
7085
7086
7088
7089
7090
7091
7093
7094
7095
7098
7103
7108
7109
7110
7111
7113
7116
7117
7118
7120
7123
7125
7126
7131
7133
7137
7139
7140
7141
7143
7144
7146
7147
7150
7152
7155
7156
7159
7160
7161
7165
7166
7169
7171
7172
7174
7177
7180
7182
7183
7184
7185
7186
7187
7188
7190
7193
7194
7195
7196
7197
7198
7199
7200
7203
7205
7206
7207
7209
7211
7212
7214
7215
7216
7219
7220
7221
7222
7223
7224
7225
7228
7229
7230
7231
7232
7234
7238
7241
7243
7244
7245
7248
7251
7252
7256
7257
7259
7261
7262
7263
7264
7266
7267
7269
7270
7275
7276
7278
7279
7280
7281
7282
7284
7286
7287
7289
7290
7293
7294
7298
7299
7300
7302
7303
7305
7306
7309
7310
7311
7313
7314
7318
7319
7320
7321
7322
7327
7328
7329
7330
7331
7332
7336
7337
7339
7343
7345
7346
7347
7349
7350
7352
7353
7354
7356
7357
7359
7362
7363
7364
7365
7367
7370
7371
7372
7373
7374
7383
7387
7388
7391
7392
7394
7395
7397
7398
7399
7405
7407
7408
7409
7412
7413
7414
7417
7419
7421
7422
7425
7428
7429
7430
7431
7432
7434
7439
7443
7444
7445
7447
7448
7449
7450
7451
7452
7454
7455
7457
7459
7460
7462
7465
7466
7467
7469
7470
7471
7472
7473
7475
7477
7479
7480
7481
7482
7484
7485
7486
7487
7488
7489
7491
7492
7493
7497
7498
7502
7506
7507
7510
7511
7514
7515
7516
7518
7519
7520
7525
7526
7527
7528
7529
7530
7534
7536
7543
7545
7546
7547
7550
7551
7552
7553
7554
7555
7556
7557
7560
7561
7562
7563
7564
7565
7567
7569
7572
7573
7574
7575
7576
7578
7581
7583
7584
7587
7588
7592
7594
7595
7596
7601
7606
7607
7608
7609
7610
7611
7612
7613
7614
7615
7617
7619
7621
7623
7625
7626
7630
7631
7632
7633
7634
7638
7639
7640
7641
7642
7644
7645
7649
7652
7653
7655
7657
7660
7662
7663
7668
7670
7671
7673
7674
7676
7677
7678
7679
7680
7681
7682
7683
7685
7686
7688
7689
7690
7691
7694
7699
7702
7703
7704
7705
7707
7708
7709
7710
7711
7714
7716
7717
7718
7719
7720
7721
7722
7727
7728
7731
7732
7735
7737
7738
7742
7743
7745
7746
7747
7749
7750
7751
7753
7756
7758
7759
7760
7761
7763
7764
7766
7768
7771
7773
7776
7778
7779
7780
7783
7786
7787
7789
7790
7791
7793
7794
7795
7797
7798
7799
7800
7804
7805
7806
7807
7812
7813
7815
7818
7819
7824
7825
7830
7831
7832
7833
7839
7840
7842
7847
7848
7849
7851
7854
7855
7860
7864
7865
7866
7867
7868
7869
7872
7875
7877
7880
7881
7882
7885
7886
7887
7889
7890
7891
7892
7893
7896
7897
7898
7903
7905
7911
7913
7916
7919
7922
7924
7926
7928
7929
7931
7932
7933
7935
7939
7940
7946
7948
7949
7953
7957
7960
7961
7962
7963
7964
7968
7969
7970
7973
7974
7975
7978
7980
7981
7983
7986
7987
7989
7990
7993
7994
8005
8006
8012
8013
8016
8017
8018
8019
8023
8024
8025
8026
8027
8028
8030
8031
8032
8034
8036
8039
8041
8043
8045
8046
8047
8052
8053
8055
8056
8059
8060
8061
8062
8063
8065
8066
8068
8069
8070
8071
8072
8073
8075
8076
8080
8081
8082
8084
8085
8087
8089
8090
8091
8094
8095
8096
8100
8102
8104
8106
8107
8108
8109
8110
8111
8112
8114
8115
8116
8117
8118
8125
8126
8127
8128
8129
8130
8131
8132
8133
8134
8135
8136
8138
8140
8142
8143
8144
8146
8147
8151
8152
8153
8154
8155
8157
8160
8163
8167
8168
8169
8170
8171
8174
8175
8177
8178
8179
8182
8183
8184
8185
8189
8190
8191
8192
8193
8194
8195
8196
8198
8200
8204
8207
8208
8210
8213
8214
8217
8219
8220
8221
8223
8224
8226
8229
8232
8233
8236
8237
8238
8241
8243
8245
8246
8247
8249
8250
8251
8252
8254
8256
8257
8260
8261
8263
8266
8267
8268
8269
8271
8272
8275
8277
8278
8279
8280
8281
8283
8284
8285
8287
8291
8292
8293
8295
8296
8297
8298
8300
8301
8302
8306
8307
8309
8310
8311
8313
8314
8315
8317
8320
8322
8323
8324
8325
8326
8332
8333
8335
8337
8338
8340
8341
8345
8347
8350
8356
8358
8359
8360
8362
8365
8366
8367
8369
8371
8373
8375
8376
8377
8379
8383
8384
8385
8389
8390
8391
8392
8395
8397
8398
8405
8406
8408
8411
8415
8416
8419
8420
8422
8423
8426
8427
8435
8436
8437
8438
8439
8440
8441
8443
8444
8445
8446
8448
8449
8450
8451
8452
8453
8454
8455
8457
8459
8460
8465
8466
8467
8469
8471
8472
8473
8474
8475
8478
8480
8481
8482
8483
8484
8485
8486
8489
8492
8493
8497
8501
8502
8504
8506
8507
8508
8510
8511
8512
8514
8515
8516
8518
8519
8524
8527
8528
8532
8533
8537
8541
8545
8547
8550
8551
8553
8554
8557
8558
8560
8563
8564
8565
8566
8567
8568
8573
8575
8577
8578
8580
8581
8584
8585
8586
8589
8590
8591
8592
8593
8594
8595
8597
8598
8599
8600
8601
8603
8604
8608
8611
8613
8616
8618
8622
8624
8626
8627
8629
8630
8631
8633
8634
8636
8637
8638
8640
8641
8642
8645
8646
8650
8651
8652
8655
8656
8658
8659
8662
8664
8668
8669
8670
8673
8674
8675
8679
8681
8686
8688
8692
8694
8695
8697
8698
8700
8701
8702
8707
8709
8711
8714
8715
8716
8717
8719
8722
8723
8724
8725
8726
8727
8728
8730
8731
8734
8735
8738
8739
8741
8744
8745
8747
8749
8750
8752
8753
8755
8758
8760
8761
8765
8767
8768
8769
8770
8771
8778
8779
8784
8794
8795
8796
8797
8800
8802
8803
8804
8805
8808
8810
8812
8813
8814
8815
8819
8822
8826
8828
8830
8832
8835
8837
8839
8840
8842
8844
8847
8849
8854
8855
8862
8863
8864
8866
8868
8869
8871
8872
8873
8877
8887
8889
8891
8892
8898
8905
8907
8909
8912
8913
8915
8918
8919
8920
8921
8923
8924
8926
8927
8929
8930
8931
8932
8933
8934
8935
8936
8937
8938
8943
8944
8945
8946
8947
8948
8949
8950
8951
8952
8953
8954
8955
8956
8959
8961
8963
8964
8966
8967
8969
8970
8971
8975
8976
8977
8980
8981
8982
8983
8985
8987
8988
8990
8995
8996
8999
9000
9002
9003
9004
9009
9011
9012
9013
9015
9016
9017
9018
9022
9025
9027
9028
9029
9030
9031
9033
9034
9035
9036
9037
9038
9039
9040
9041
9044
9045
9046
9047
9049
9051
9054
9057
9058
9064
9068
9069
9070
9072
9074
9075
9077
9078
9079
9084
9087
9088
9091
9092
9093
9094
9095
9096
9098
9099
9103
9105
9107
9110
9112
9119
9120
9122
9123
9128
9129
9130
9131
9133
9137
9139
9140
9142
9144
9145
9146
9147
9152
9156
9159
9160
9161
9162
9164
9165
9167
9171
9172
9176
9177
9178
9179
9180
9183
9184
9185
9186
9187
9189
9190
9191
9192
9194
9195
9196
9197
9199
9200
9203
9205
9206
9207
9209
9210
9213
9215
9217
9218
9219
9220
9222
9223
9224
9225
9226
9227
9228
9229
9230
9231
9235
9237
9243
9245
9246
9247
9249
9250
9251
9253
9254
9255
9256
9257
9262
9268
9269
9270
9274
9277
9279
9280
9281
9283
9284
9287
9288
9289
9290
9294
9295
9296
9297
9303
9305
9310
9314
9315
9316
9319
9320
9324
9325
9327
9329
9330
9332
9334
9335
9337
9340
9342
9343
9344
9345
9346
9348
9350
9351
9353
9354
9355
9356
9357
9358
9361
9363
9364
9366
9367
9369
9370
9371
9373
9374
9378
9379
9380
9381
9385
9386
9388
9390
9391
9392
9395
9397
9398
9399
9400
9404
9406
9408
9409
9410
9412
9413
9417
9418
9421
9423
9424
9425
9426
9427
9428
9429
9430
9433
9436
9439
9442
9445
9446
9449
9451
9453
9454
9455
9460
9461
9462
9463
9464
9465
9466
9468
9470
9474
9477
9478
9479
9481
9484
9488
9490
9492
9493
9495
9497
9498
9499
9502
9505
9509
9510
9514
9516
9517
9519
9520
9521
9523
9524
9525
9526
9528
9529
9534
9535
9536
9539
9540
9542
9545
9547
9548
9550
9552
9555
9556
9557
9558
9559
9560
9561
9563
9564
9565
9570
9573
9574
9580
9582
9583
9587
9589
9591
9593
9594
9596
9598
9600
9601
9604
9605
9608
9610
9611
9614
9616
9617
9618
9620
9621
9623
9625
9627
9628
9630
9631
9632
9633
9634
9636
9638
9639
9641
9645
9646
9647
9649
9650
9651
9653
9655
9658
9660
9661
9662
9664
9665
9666
9669
9671
9672
9673
9674
9676
9679
9681
9682
9683
9684
9685
9686
9687
9688
9689
9690
9691
9693
9695
9696
9698
9700
9701
9702
9704
9705
9707
9708
9714
9715
9716
9717
9719
9720
9724
9726
9728
9729
9730
9731
9732
9733
9734
9737
9738
9740
9743
9747
9748
9749
9752
9753
9754
9755
9758
9759
9760
9761
9762
9764
9765
9768
9770
9771
9776
9777
9779
9780
9783
9787
9789
9792
9793
9795
9796
9799
9800
9802
9804
9805
9807
9808
9809
9811
9817
9818
9819
9821
9822
9823
9826
9828
9829
9831
9832
9833
9834
9835
9836
9837
9838
9840
9842
9843
9849
9850
9852
9854
9857
9858
9859
9860
9865
9866
9868
9870
9873
9874
9875
9877
9878
9880
9881
9883
9885
9886
9887
9888
9890
9891
9892
9894
9897
9899
9902
9903
9904
9906
9909
9910
9912
9913
9915
9918
9919
9920
9922
9924
9925
9926
9927
9928
9929
9930
9932
9935
9936
9938
9942
9943
9945
9952
9953
9954
9955
9957
9958
9962
9963
9964
9966
9968
9969
9971
9972
9973
9974
9975
9976
9986
9987
9990
9995
9996
9997
9998
10003
10005
10007
10008
10009
10010
10011
10012
10014
10016
10017
10018
10021
10023
10024
10026
10028
10030
10031
10032
10034
10035
10036
10038
10039
10041
10046
10047
10049
10050
10053
10057
10058
10059
10062
10066
10068
10070
10071
10073
10074
10076
10081
10083
10084
10086
10089
10091
10092
10093
10094
10095
10097
10098
10099
10100
10101
10103
10106
10109
10110
10111
10115
10116
10118
10119
10120
10121
10122
10124
10125
10126
10129
10130
10135
10137
10140
10142
10146
10148
10152
10156
10157
10159
10160
10162
10163
10170
10171
10172
10176
10177
10178
10179
10181
10183
10184
10185
10189
10191
10192
10194
10199
10200
10202
10204
10210
10211
10213
10214
10217
10220
10221
10222
10223
10225
10227
10229
10230
10231
10238
10239
10243
10245
10247
10248
10249
10250
10251
10252
10255
10256
10257
10258
10261
10262
10263
10265
10268
10269
10271
10272
10274
10275
10277
10278
10281
10283
10284
10285
10286
10290
10293
10295
10296
10297
10298
10302
10303
10304
10305
10307
10310
10311
10313
10314
10316
10319
10320
10322
10323
10326
10327
10328
10329
10334
10335
10337
10338
10340
10342
10343
10344
10345
10349
10350
10352
10353
10354
10355
10356
10357
10358
10359
10360
10361
10362
10363
10366
10367
10368
10369
10372
10375
10379
10380
10381
10384
10385
10388
10389
10391
10394
10397
10399
10400
10401
10402
10406
10407
10410
10411
10412
10415
10417
10418
10419
10422
10424
10426
10427
10429
10430
10431
10433
10434
10435
10437
10441
10442
10443
10445
10447
10448
10449
10450
10451
10454
10455
10457
10458
10461
10464
10465
10467
10468
10469
10473
10475
10476
10478
10481
10483
10485
10486
10487
10488
10489
10493
10496
10501
10502
10503
10505
10507
10509
10510
10514
10516
10517
10518
10519
10520
10522
10524
10525
10527
10529
10530
10532
10533
10534
10535
10537
10538
10539
10540
10542
10543
10544
10546
10548
10549
10550
10553
10554
10555
10557
10558
10560
10562
10565
10566
10567
10568
10569
10572
10573
10574
10575
10578
10581
10582
10583
10585
10588
10589
10590
10591
10592
10593
10597
10598
10599
10600
10601
10602
10606
10608
10610
10611
10612
10616
10619
10621
10622
10623
10625
10626
10628
10629
10631
10634
10637
10639
10640
10641
10642
10643
10644
10646
10647
10648
10649
10650
10651
10652
10653
10656
10657
10658
10659
10661
10663
10664
10665
10666
10667
10668
10670
10674
10675
10677
10681
10682
10683
10686
10687
10692
10694
10695
10696
10697
10698
10699
10701
10705
10706
10708
10709
10710
10711
10712
10713
10717
10719
10721
10722
10725
10726
10727
10730
10732
10733
10734
10735
10736
10737
10738
10739
10740
10743
10745
10746
10747
10751
10752
10754
10757
10761
10764
10769
10772
10774
10775
10779
10780
10782
10783
10784
10785
10786
10787
10788
10789
10790
10792
10793
10794
10796
10798
10800
10801
10802
10803
10804
10806
10808
10809
10810
10811
10812
10813
10815
10816
10817
10818
10819
10820
10822
10823
10824
10825
10826
10827
10828
10829
10831
10832
10834
10835
10836
10837
10838
10839
10840
10841
10844
10845
10848
10850
10851
10853
10856
10859
10864
10865
10870
10872
10873
10874
10875
10877
10878
10881
10882
10885
10886
10887
10891
10892
10894
10895
10896
10897
10899
10901
10902
10903
10905
10906
10908
10909
10911
10916
10918
10919
10920
10922
10923
10926
10927
10928
10934
10936
10937
10939
10942
10944
10945
10946
10948
10949
10952
10953
10954
10955
10957
10958
10959
10960
10961
10966
10967
10968
10969
10970
10971
10977
10978
10979
10980
10981
10983
10984
10986
10987
10988
10989
10993
10996
10997
10999
11000
11001
11003
11004
11006
11008
11009
11010
11017
11018
11019
11020
11021
11023
11024
11027
11033
11034
11035
11036
11038
11040
11041
11042
11043
11044
11045
11046
11048
11049
11051
11052
11053
11054
11058
11059
11060
11061
11062
11064
11065
11066
11067
11068
11069
11071
11073
11074
11075
11076
11077
11078
11079
11080
11083
11086
11087
11089
11090
11091
11092
11093
11094
11096
11097
11098
11099
11101
11102
11103
11104
11105
11106
11107
11108
11109
11112
11115
11117
11119
11124
11130
11131
11133
11134
11136
11143
11145
11151
11152
11154
11155
11158
11160
11164
11166
11167
11172
11175
11177
11179
11180
11182
11185
11186
11187
11189
11192
11201
11203
11204
11205
11206
11207
11210
11211
11213
11214
11215
11217
11219
11220
11222
11223
11226
11227
11228
11229
11234
11236
11238
11240
11241
11243
11244
11245
11247
11248
11249
11252
11253
11255
11256
11258
11259
11264
11266
11269
11271
11273
11274
11275
11276
11277
11278
11279
11280
11282
11283
11285
11287
11288
11293
11294
11295
11297
11302
11304
11306
11307
11308
11310
11312
11313
11314
11319
11323
11324
11328
11329
11331
11332
11334
11335
11337
11338
11339
11340
11343
11344
11345
11346
11348
11349
11350
11351
11362
11363
11364
11368
11370
11371
11372
11376
11377
11380
11382
11383
11384
11386
11391
11392
11396
11397
11399
11400
11401
11405
11407
11408
11413
11416
11417
11419
11422
11423
11424
11425
11427
11429
11430
11432
11434
11437
11438
11439
11440
11442
11443
11444
11446
11450
11451
11452
11454
11461
11463
11464
11467
11468
11469
11472
11473
11474
11476
11478
11479
11482
11485
11486
11487
11488
11489
11493
11494
11495
11500
11502
11503
11504
11505
11506
11507
11509
11510
11512
11513
11515
11516
11517
11519
11520
11521
11523
11524
11525
11526
11528
11529
11530
11535
11538
11542
11543
11545
11546
11548
11552
11553
11554
11555
11556
11559
11561
11563
11564
11566
11567
11568
11569
11571
11572
11573
11576
11577
11580
11582
11583
11585
11586
11587
11588
11590
11591
11592
11593
11594
11595
11597
11598
11599
11600
11601
11603
11607
11609
11610
11613
11621
11623
11626
11629
11632
11634
11635
11637
11638
11642
11644
11646
11648
11650
11651
11652
11653
11655
11656
11657
11658
11659
11664
11666
11668
11671
11672
11673
11675
11677
11682
11684
11687
11688
11690
11691
11692
11693
11695
11698
11699
11700
11706
11707
11709
11711
11715
11716
11718
11720
11721
11722
11723
11726
11728
11729
11730
11731
11733
11734
11735
11737
11738
11740
11741
11742
11744
11745
11746
11747
11748
11749
11750
11752
11755
11756
11757
11758
11759
11760
11761
11764
11765
11768
11769
11770
11771
11775
11776
11777
11778
11779
11781
11783
11784
11786
11787
11788
11789
11790
11791
11792
11794
11798
11800
11801
11802
11806
11808
11809
11811
11813
11814
11816
11817
11819
11821
11822
11824
11825
11830
11835
11836
11837
11838
11841
11843
11846
11847
11848
11850
11851
11852
11853
11855
11857
11860
11861
11864
11868
11871
11872
11875
11876
11877
11880
11881
11882
11884
11886
11887
11889
11890
11891
11892
11893
11894
11898
11904
11906
11907
11908
11909
11910
11911
11912
11913
11914
11917
11918
11923
11926
11927
11929
11931
11932
11933
11935
11937
11938
11941
11942
11945
11946
11948
11949
11950
11951
11952
11954
11955
11956
11960
11962
11966
11967
11968
11971
11972
11973
11974
11975
11977
11978
11980
11982
11983
11985
11986
11991
11992
11993
11994
11995
11999
12000
12002
12003
12006
12009
12010
12011
12015
12016
12021
12022
12023
12027
12030
12032
12033
12036
12037
12038
12039
12040
12041
12044
12046
12047
12049
12053
12060
12064
12066
12068
12070
12072
12074
12075
12076
12077
12079
12083
12084
12085
12086
12087
12088
12090
12091
12092
12093
12094
12095
12098
12099
12100
12101
12102
12104
12105
12108
12112
12113
12114
12115
12116
12118
12120
12123
12124
12127
12128
12131
12133
12135
12136
12138
12142
12143
12144
12146
12147
12150
12151
12153
12154
12155
12160
12161
12165
12166
12169
12170
12171
12175
12176
12177
12178
12181
12182
12183
12184
12186
12190
12192
12193
12194
12195
12197
12198
12200
12202
12203
12207
12208
12209
12213
12214
12217
12218
12219
12220
12221
12224
12229
12231
12233
12236
12237
12239
12241
12242
12243
12244
12246
12250
12251
12252
12256
12257
12261
12262
12263
12264
12265
12267
12268
12269
12272
12274
12278
12279
12280
12281
12283
12285
12287
12289
12291
12292
12294
12295
12302
12303
12305
12307
12309
12310
12315
12316
12319
12320
12322
12323
12326
12330
12331
12332
12333
12336
12338
12340
12341
12342
12343
12344
12346
12347
12348
12349
12351
12352
12356
12358
12361
12362
12364
12365
12366
12368
12369
12370
12371
12373
12374
12376
12377
12378
12379
12383
12386
12389
12391
12392
12396
12397
12398
12399
106
1
2
3
4
5
263
10
11
270
271
17
18
274
22
25
281
26
28
32
34
35
36
292
294
44
45
302
304
50
53
54
56
57
313
58
314
316
320
322
68
69
71
327
74
330
76
78
79
80
338
84
340
342
344
345
346
91
94
350
97
98
101
103
361
106
107
364
366
111
367
370
376
121
124
125
384
129
392
393
140
398
147
149
405
410
155
168
170
175
177
189
196
197
199
202
213
214
222
225
230
243
245
247
248
254
255
