3283
1
3
14
15
16
20
22
25
27
30
32
33
34
36
37
38
39
41
44
48
49
50
52
57
60
62
63
66
69
71
73
77
78
80
81
82
83
84
86
91
95
98
99
104
108
109
122
124
128
130
131
132
134
135
136
137
139
143
144
145
146
147
148
150
152
153
156
157
158
159
160
162
163
165
166
167
168
169
173
175
176
177
184
188
189
190
191
192
195
196
198
199
204
205
206
208
213
214
216
217
218
222
223
228
229
230
232
236
239
240
242
244
248
250
251
253
255
257
261
265
268
270
275
277
278
280
283
285
286
294
296
297
298
299
300
304
305
310
315
316
322
326
327
328
329
334
335
337
338
340
343
344
347
348
349
353
355
356
360
362
364
365
370
372
375
378
380
381
384
385
386
387
388
390
394
396
399
400
402
405
407
410
411
412
413
414
415
416
420
421
423
424
426
429
436
437
439
440
441
443
444
445
446
450
453
461
468
469
471
473
474
478
480
481
487
488
494
497
500
501
502
503
507
508
510
513
515
516
518
523
524
525
528
532
535
536
540
545
551
552
554
559
560
562
572
573
574
575
576
578
580
582
583
584
590
592
595
600
601
602
606
608
612
616
618
619
620
623
625
627
628
629
630
632
634
637
640
641
642
645
646
647
648
649
650
652
654
655
657
663
664
669
674
675
678
679
686
687
689
690
694
695
696
698
700
701
702
703
705
710
711
713
714
715
717
719
720
722
723
725
729
732
734
735
740
741
742
744
745
746
747
749
750
751
754
756
759
761
763
768
769
772
773
779
780
784
787
792
796
797
799
803
804
805
807
809
811
812
813
820
822
823
824
826
832
833
838
839
840
841
842
843
845
846
849
851
854
857
858
863
865
866
867
870
873
874
881
883
892
894
895
896
897
898
901
902
903
909
912
913
914
915
916
918
927
936
937
938
939
943
951
953
956
959
960
961
962
963
966
970
974
975
976
977
980
981
982
983
985
987
991
992
993
997
1000
1003
1006
1007
1009
1010
1012
1013
1015
1016
1018
1019
1020
1021
1022
1023
1024
1025
1027
1028
1029
1030
1032
1038
1042
1043
1044
1046
1047
1048
1050
1053
1057
1058
1061
1062
1063
1065
1067
1070
1071
1072
1075
1076
1079
1081
1082
1084
1085
1086
1088
1089
1090
1093
1094
1095
1096
1098
1102
1103
1104
1108
1110
1111
1112
1113
1114
1115
1117
1118
1125
1128
1129
1131
1132
1138
1139
1140
1145
1146
1150
1153
1154
1155
1159
1162
1163
1164
1166
1167
1168
1174
1176
1177
1178
1182
1188
1189
1191
1193
1197
1198
1199
1201
1204
1205
1207
1211
1215
1216
1217
1219
1220
1224
1225
1226
1229
1230
1233
1236
1237
1239
1244
1246
1247
1249
1250
1252
1254
1255
1256
1258
1263
1266
1267
1269
1270
1272
1273
1275
1276
1277
1280
1282
1284
1290
1292
1293
1296
1297
1298
1299
1303
1306
1313
1315
1318
1319
1320
1321
1323
1325
1331
1336
1340
1345
1347
1348
1349
1350
1351
1354
1358
1369
1371
1372
1373
1376
1378
1379
1380
1383
1388
1390
1393
1394
1395
1396
1403
1404
1408
1410
1414
1416
1419
1421
1422
1423
1424
1428
1429
1431
1432
1435
1436
1437
1439
1442
1445
1448
1452
1455
1458
1463
1464
1467
1468
1470
1472
1473
1474
1483
1486
1488
1489
1492
1494
1497
1498
1499
1500
1501
1502
1503
1504
1505
1507
1512
1514
1515
1516
1517
1521
1523
1524
1527
1528
1530
1531
1535
1541
1542
1543
1544
1545
1550
1554
1559
1571
1572
1574
1577
1580
1582
1583
1584
1585
1591
1592
1594
1597
1600
1601
1602
1604
1605
1606
1607
1609
1615
1616
1618
1620
1621
1622
1623
1632
1633
1634
1635
1636
1637
1638
1641
1642
1644
1645
1647
1648
1650
1653
1654
1656
1660
1661
1664
1665
1666
1667
1668
1669
1671
1672
1674
1676
1677
1679
1681
1682
1684
1685
1688
1689
1690
1695
1699
1701
1704
1706
1708
1710
1716
1719
1720
1722
1723
1725
1726
1727
1729
1732
1733
1738
1741
1744
1745
1747
1749
1750
1758
1759
1761
1763
1764
1767
1768
1769
1771
1777
1780
1784
1785
1789
1790
1792
1795
1798
1799
1802
1803
1804
1805
1806
1807
1808
1809
1810
1812
1816
1817
1821
1822
1823
1824
1828
1831
1833
1838
1839
1840
1845
1846
1849
1850
1852
1856
1859
1861
1864
1865
1867
1870
1871
1874
1875
1880
1883
1884
1885
1886
1887
1895
1896
1897
1899
1903
1904
1905
1906
1912
1915
1916
1919
1921
1923
1932
1936
1938
1940
1942
1945
1947
1951
1952
1953
1957
1958
1959
1961
1963
1965
1966
1971
1974
1975
1986
1987
1991
1992
1995
1997
2001
2003
2005
2009
2010
2012
2013
2014
2015
2016
2020
2021
2023
2025
2027
2028
2029
2032
2033
2037
2038
2039
2040
2042
2043
2044
2047
2051
2053
2056
2059
2060
2062
2063
2068
2069
2070
2071
2073
2074
2076
2077
2078
2079
2081
2083
2084
2089
2091
2092
2093
2095
2101
2102
2105
2108
2111
2113
2119
2121
2122
2126
2129
2130
2131
2132
2135
2137
2139
2140
2141
2142
2143
2144
2146
2150
2156
2159
2160
2163
2164
2168
2170
2171
2172
2173
2174
2175
2180
2182
2183
2184
2190
2193
2198
2201
2202
2204
2210
2213
2215
2217
2219
2222
2225
2230
2233
2234
2235
2237
2238
2241
2242
2245
2247
2249
2252
2254
2256
2258
2261
2263
2265
2268
2269
2270
2271
2274
2276
2277
2280
2284
2285
2286
2289
2297
2298
2302
2306
2307
2308
2311
2312
2316
2317
2318
2322
2323
2324
2327
2328
2329
2330
2337
2338
2340
2342
2343
2346
2347
2349
2350
2351
2353
2357
2359
2360
2361
2362
2363
2366
2367
2368
2371
2372
2373
2374
2375
2381
2382
2384
2385
2387
2388
2390
2391
2394
2396
2398
2400
2401
2404
2405
2406
2407
2416
2417
2418
2420
2421
2422
2423
2424
2428
2433
2438
2439
2443
2444
2446
2447
2448
2457
2458
2462
2468
2474
2478
2479
2481
2482
2484
2490
2494
2495
2501
2503
2505
2506
2509
2510
2512
2517
2518
2519
2521
2522
2526
2529
2530
2531
2534
2544
2545
2547
2548
2549
2551
2554
2558
2561
2564
2570
2571
2572
2573
2576
2577
2578
2579
2580
2581
2584
2589
2590
2595
2597
2599
2600
2605
2606
2607
2608
2611
2614
2621
2624
2626
2627
2632
2633
2634
2635
2637
2638
2639
2645
2648
2651
2653
2658
2663
2669
2673
2677
2678
2680
2681
2682
2685
2688
2689
2690
2691
2698
2700
2701
2707
2709
2714
2715
2717
2720
2721
2728
2730
2731
2733
2735
2736
2739
2740
2741
2744
2745
2747
2748
2749
2751
2754
2755
2756
2759
2760
2761
2765
2766
2767
2772
2775
2778
2780
2784
2785
2787
2788
2789
2790
2791
2792
2794
2797
2798
2800
2801
2802
2810
2811
2812
2814
2815
2816
2818
2819
2820
2821
2822
2823
2828
2830
2831
2839
2845
2847
2849
2850
2853
2858
2864
2866
2869
2871
2876
2877
2878
2880
2883
2887
2891
2893
2897
2900
2902
2905
2907
2908
2911
2912
2914
2917
2918
2919
2923
2925
2926
2928
2929
2933
2936
2938
2944
2946
2947
2950
2951
2952
2953
2955
2959
2970
2975
2976
2977
2980
2983
2986
2987
2993
2997
2998
3000
3002
3003
3005
3006
3008
3009
3011
3012
3016
3017
3020
3023
3025
3032
3033
3034
3036
3040
3041
3043
3044
3045
3047
3049
3052
3053
3057
3062
3067
3069
3070
3072
3075
3076
3077
3078
3082
3084
3086
3092
3096
3098
3099
3100
3101
3102
3104
3107
3109
3111
3112
3117
3123
3127
3131
3132
3136
3137
3138
3140
3141
3142
3143
3146
3151
3153
3155
3156
3158
3159
3160
3161
3162
3163
3165
3169
3170
3171
3173
3176
3178
3180
3181
3182
3183
3186
3187
3188
3189
3190
3193
3198
3201
3204
3206
3207
3208
3212
3214
3215
3216
3218
3219
3220
3222
3223
3225
3226
3229
3233
3235
3236
3237
3239
3240
3244
3248
3249
3250
3254
3256
3257
3258
3260
3262
3264
3267
3268
3270
3272
3276
3277
3279
3280
3282
3285
3286
3288
3291
3295
3298
3303
3304
3305
3306
3307
3308
3310
3311
3315
3316
3317
3320
3322
3323
3324
3326
3328
3330
3332
3335
3337
3338
3339
3340
3343
3345
3347
3350
3352
3353
3354
3355
3360
3361
3364
3365
3367
3368
3370
3373
3375
3376
3379
3381
3383
3386
3388
3390
3395
3396
3397
3402
3410
3412
3418
3422
3424
3425
3427
3428
3429
3430
3431
3432
3434
3435
3436
3439
3440
3444
3446
3447
3449
3450
3451
3452
3456
3457
3458
3468
3474
3479
3481
3488
3491
3492
3493
3494
3495
3496
3497
3499
3500
3501
3503
3505
3507
3512
3517
3521
3524
3525
3526
3527
3530
3534
3535
3538
3542
3546
3547
3549
3550
3552
3553
3557
3562
3563
3567
3568
3569
3577
3578
3580
3581
3584
3588
3590
3592
3593
3594
3595
3596
3600
3602
3603
3605
3607
3610
3612
3613
3614
3615
3616
3617
3618
3622
3625
3627
3629
3630
3631
3632
3634
3637
3638
3645
3647
3648
3650
3651
3654
3656
3658
3661
3663
3665
3666
3673
3675
3676
3678
3679
3684
3685
3686
3689
3690
3693
3694
3695
3699
3700
3702
3703
3704
3705
3707
3709
3710
3712
3713
3715
3717
3720
3722
3724
3725
3726
3727
3729
3730
3737
3738
3740
3745
3746
3750
3751
3760
3761
3762
3764
3767
3770
3771
3772
3773
3774
3775
3776
3778
3782
3783
3787
3789
3790
3791
3792
3794
3795
3796
3797
3800
3802
3805
3806
3807
3808
3809
3811
3812
3814
3818
3820
3821
3827
3828
3831
3834
3836
3837
3839
3841
3844
3845
3849
3851
3852
3853
3856
3857
3859
3860
3861
3862
3864
3869
3873
3876
3877
3878
3880
3881
3883
3885
3888
3890
3892
3896
3897
3898
3899
3901
3904
3906
3908
3910
3914
3917
3926
3929
3931
3935
3936
3937
3943
3944
3947
3950
3951
3953
3954
3960
3961
3962
3963
3964
3968
3970
3974
3975
3976
3978
3980
3981
3982
3983
3985
3987
3992
3999
4003
4004
4006
4007
4009
4013
4014
4017
4019
4021
4022
4027
4028
4032
4034
4036
4041
4044
4047
4050
4055
4057
4058
4059
4061
4062
4064
4065
4068
4073
4078
4080
4081
4086
4089
4090
4092
4093
4094
4095
4096
4101
4102
4104
4105
4106
4107
4108
4109
4112
4116
4117
4118
4121
4122
4128
4130
4131
4132
4133
4138
4140
4141
4143
4144
4149
4153
4163
4164
4165
4166
4168
4170
4176
4178
4180
4181
4183
4186
4192
4194
4195
4197
4198
4203
4204
4207
4210
4213
4214
4217
4226
4227
4228
4230
4231
4232
4233
4234
4237
4238
4240
4246
4251
4254
4255
4258
4260
4266
4267
4268
4269
4272
4273
4277
4278
4282
4284
4288
4290
4292
4297
4301
4304
4305
4306
4307
4308
4314
4316
4320
4321
4324
4325
4326
4327
4332
4334
4335
4336
4338
4339
4341
4345
4346
4349
4350
4356
4358
4359
4360
4362
4365
4366
4369
4370
4371
4374
4375
4376
4377
4379
4382
4383
4386
4388
4389
4399
4401
4402
4403
4405
4407
4409
4411
4412
4414
4415
4418
4419
4420
4421
4423
4425
4426
4427
4429
4430
4432
4433
4434
4435
4436
4438
4439
4440
4445
4447
4448
4449
4450
4451
4453
4455
4457
4458
4462
4464
4465
4466
4467
4471
4472
4473
4478
4481
4482
4483
4484
4487
4489
4491
4492
4493
4496
4498
4502
4513
4515
4518
4520
4521
4523
4524
4525
4526
4527
4529
4530
4531
4532
4534
4535
4536
4539
4540
4542
4544
4545
4547
4548
4549
4554
4557
4562
4563
4564
4565
4569
4572
4573
4576
4577
4581
4583
4585
4587
4588
4589
4591
4595
4596
4597
4598
4603
4605
4608
4609
4612
4615
4617
4618
4621
4623
4627
4628
4629
4630
4633
4634
4636
4639
4640
4642
4643
4645
4646
4649
4650
4652
4653
4654
4657
4658
4660
4663
4664
4665
4669
4671
4673
4680
4681
4685
4687
4689
4692
4693
4694
4698
4699
4701
4703
4706
4709
4710
4711
4713
4714
4716
4717
4718
4719
4722
4727
4728
4732
4739
4740
4742
4748
4749
4750
4751
4752
4754
4756
4759
4760
4764
4766
4767
4769
4772
4773
4776
4778
4785
4789
4792
4793
4797
4799
4801
4802
4805
4808
4809
4810
4812
4813
4814
4817
4818
4820
4824
4825
4828
4830
4831
4836
4838
4842
4847
4850
4851
4860
4861
4863
4864
4866
4868
4869
4870
4871
4872
4873
4875
4876
4877
4880
4881
4885
4889
4891
4892
4894
4895
4898
4899
4901
4902
4904
4905
4906
4908
4912
4918
4919
4920
4922
4923
4926
4927
4928
4932
4933
4935
4936
4937
4939
4943
4949
4950
4952
4954
4957
4961
4962
4965
4966
4967
4968
4969
4970
4972
4973
4978
4982
4986
4987
4988
4989
4990
4993
4998
4999
5001
5002
5003
5004
5005
5008
5009
5015
5017
5021
5022
5023
5025
5027
5028
5031
5035
5037
5038
5040
5042
5045
5047
5049
5051
5052
5056
5059
5061
5063
5064
5067
5068
5069
5077
5078
5079
5082
5083
5085
5089
5092
5093
5094
5096
5097
5100
5103
5105
5110
5112
5115
5116
5117
5118
5119
5120
5121
5123
5124
5125
5126
5127
5128
5129
5131
5133
5134
5141
5142
5143
5144
5147
5148
5149
5150
5151
5155
5156
5157
5160
5162
5163
5166
5169
5173
5177
5178
5180
5184
5186
5187
5188
5190
5192
5195
5196
5200
5204
5205
5207
5210
5211
5214
5215
5219
5220
5228
5232
5233
5235
5237
5239
5241
5242
5245
5247
5249
5254
5258
5261
5263
5265
5267
5272
5274
5276
5278
5280
5282
5284
5286
5288
5289
5290
5296
5299
5300
5303
5304
5307
5309
5310
5311
5312
5313
5314
5316
5319
5320
5321
5322
5323
5325
5329
5332
5336
5339
5340
5346
5349
5354
5356
5357
5359
5362
5363
5364
5366
5369
5370
5372
5375
5379
5383
5386
5388
5389
5390
5393
5397
5405
5410
5412
5413
5417
5423
5424
5427
5430
5432
5433
5434
5435
5436
5438
5439
5440
5441
5442
5446
5447
5450
5451
5453
5456
5460
5462
5463
5470
5471
5472
5474
5475
5478
5479
5484
5488
5489
5490
5493
5494
5496
5499
5503
5504
5505
5509
5510
5512
5513
5517
5518
5520
5522
5523
5525
5526
5527
5528
5531
5534
5537
5540
5541
5546
5547
5548
5549
5551
5553
5556
5560
5564
5565
5566
5567
5568
5569
5571
5572
5573
5574
5575
5576
5583
5589
5590
5593
5594
5595
5596
5600
5601
5602
5603
5604
5605
5606
5607
5609
5610
5611
5612
5613
5614
5617
5619
5620
5622
5623
5625
5627
5628
5629
5641
5646
5648
5652
5653
5658
5659
5662
5663
5666
5668
5670
5672
5674
5677
5680
5682
5688
5689
5691
5695
5697
5699
5700
5702
5704
5705
5707
5709
5712
5715
5720
5722
5727
5728
5731
5735
5738
5739
5740
5741
5742
5745
5747
5748
5750
5753
5754
5760
5762
5763
5764
5767
5768
5769
5771
5772
5773
5774
5775
5777
5778
5781
5782
5784
5786
5789
5791
5792
5794
5795
5796
5798
5800
5801
5803
5804
5807
5810
5813
5814
5816
5818
5819
5821
5826
5827
5829
5832
5834
5835
5837
5838
5839
5840
5841
5843
5844
5845
5851
5853
5856
5857
5859
5863
5864
5866
5867
5871
5879
5880
5882
5886
5887
5889
5890
5895
5896
5897
5900
5901
5904
5905
5906
5911
5915
5918
5921
5922
5926
5928
5929
5931
5935
5940
5943
5945
5947
5953
5954
5955
5957
5958
5960
5961
5962
5963
5967
5969
5970
5972
5973
5982
5983
5986
5987
5991
5994
5997
5999
6000
6001
6002
6005
6009
6013
6014
6015
6017
6019
6020
6021
6023
6024
6030
6032
6035
6037
6038
6048
6049
6050
6052
6054
6055
6058
6059
6060
6061
6067
6070
6071
6074
6077
6078
6083
6086
6087
6088
6089
6090
6091
6092
6096
6097
6098
6100
6101
6102
6103
6104
6107
6108
6111
6113
6115
6118
6121
6122
6124
6126
6129
6130
6132
6133
6134
6138
6139
6141
6142
6143
6147
6148
6149
6151
6156
6159
6161
6163
6165
6166
6168
6170
6171
6172
6173
6178
6179
6182
6184
6185
6193
6195
6196
6197
6198
6200
6206
6207
6208
6210
6212
6213
6217
6219
6222
6223
6224
6226
6228
6229
6231
6233
6237
6241
6243
6245
6246
6248
6249
6250
6253
6254
6257
6262
6263
6267
6268
6269
6270
6271
6276
6281
6282
6283
6284
6286
6287
6288
6293
6295
6302
6304
6305
6306
6311
6315
6316
6319
6320
6322
6323
6325
6326
6329
6331
6334
6335
6336
6337
6338
6340
6342
6343
6348
6352
6356
6358
6361
6364
6365
6366
6367
6372
6374
6376
6379
6380
6381
6383
6385
6387
6388
6389
6390
6391
6392
6394
6395
6398
6400
6402
6403
6406
6421
6423
6424
6426
6428
6430
6431
6434
6437
6438
6439
6440
6452
6454
6455
6456
6457
6458
6461
6462
6463
6468
6470
6474
6475
6477
6479
6484
6485
6487
6489
6496
6502
6505
6506
6510
6511
6514
6521
6522
6525
6527
6530
6532
6533
6537
6538
6540
6541
6542
6543
6545
6547
6552
6555
6557
6558
6566
6568
6571
6572
6573
6575
6577
6578
6579
6580
6582
6585
6591
6595
6600
6603
6605
6606
6608
6609
6610
6612
6613
6615
6617
6622
6623
6628
6629
6633
6635
6636
6638
6639
6643
6644
6645
6648
6650
6651
6652
6653
6654
6655
6657
6660
6662
6663
6664
6668
6670
6672
6673
6680
6681
6685
6686
6687
6688
6690
6694
6697
6699
6701
6706
6708
6709
6711
6717
6720
6724
6725
6731
6732
6733
6734
6735
6736
6737
6739
6743
6744
6745
6753
6755
6759
6760
6764
6777
6778
6780
6781
6782
6783
6786
6788
6790
6791
6795
6797
6798
6801
6809
6810
6812
6813
6817
6820
6822
6825
6826
6827
6831
6835
6836
6837
6842
6843
6844
6845
6848
6849
6850
6854
6862
6864
6865
6871
6873
6875
6876
6878
6880
6881
6882
6885
6887
6888
6890
6893
6894
6895
6900
6901
6902
6904
6906
6907
6910
6911
6914
6917
6921
6923
6924
6926
6927
6928
6931
6933
6934
6935
6936
6938
6939
6941
6942
6945
6946
6950
6951
6955
6956
6959
6960
6961
6962
6967
6976
6988
6989
6992
6995
6996
6997
6999
7000
7004
7005
7010
7011
7012
7013
7015
7016
7019
7022
7023
7024
7030
7031
7032
7034
7035
7036
7037
7040
7042
7044
7045
7050
7051
7053
7054
7056
7057
7062
7065
7067
7068
7071
7072
7074
7076
7078
7080
7081
7083
7085
7086
7087
7094
7097
7098
7099
7101
7102
7108
7111
7115
7117
7118
7121
7124
7129
7131
7134
7137
7138
7141
7144
7145
7147
7149
7152
7154
7158
7159
7160
7166
7168
7171
7178
7179
7185
7188
7189
7191
7195
7196
7197
7200
7201
7204
7205
7207
7208
7211
7212
7213
7215
7217
7222
7225
7228
7229
7230
7238
7239
7243
7248
7249
7250
7252
7256
7257
7258
7260
7261
7267
7268
7275
7276
7279
7286
7288
7289
7292
7295
7296
7298
7299
7301
7302
7304
7307
7314
7315
7316
7326
7327
7332
7335
7336
7338
7339
7341
7343
7345
7347
7349
7350
7354
7355
7356
7358
7359
7360
7362
7365
7366
62
128
1
2
386
262
263
136
265
10
267
13
141
271
18
24
281
27
284
32
33
163
291
165
38
168
43
49
305
50
51
182
59
190
191
197
328
74
333
79
83
339
213
218
220
221
96
353
98
356
357
103
106
234
110
238
239
240
114
117
249
378
125
