3116
0
8192
8193
8195
8
8204
8205
8206
8207
8208
8209
18
23
24
26
27
8220
29
8222
31
32
33
8225
34
35
8227
8228
37
38
8230
39
40
8233
42
43
8236
8239
8241
50
8242
51
8243
52
54
55
58
62
8254
63
8255
8256
8257
8258
68
8260
8261
8262
71
8264
8268
77
78
8270
8271
80
8272
81
8273
8274
8275
8276
85
87
8279
89
8282
91
93
8288
97
8289
8290
8291
100
101
8293
102
8294
8297
107
110
8302
8304
8305
116
8308
118
120
121
8314
124
128
131
134
135
141
143
144
146
149
150
152
153
156
158
162
166
167
171
172
182
183
185
187
188
191
192
194
197
210
211
213
214
216
217
222
225
230
233
239
240
242
246
247
249
250
252
254
255
258
261
263
265
269
270
271
272
279
280
282
288
289
290
292
293
296
297
298
303
304
306
307
308
309
313
319
322
324
325
326
333
336
340
344
345
347
350
352
355
356
357
359
363
364
376
380
383
393
396
397
400
405
409
413
414
415
419
420
421
422
424
425
426
427
428
429
430
431
436
437
438
440
445
447
448
450
460
461
464
467
468
471
472
473
475
479
480
483
486
489
490
493
496
497
498
507
508
509
510
512
514
515
516
519
521
525
528
530
531
532
533
537
541
543
544
545
547
549
554
555
558
559
563
565
566
570
572
575
580
585
586
587
588
590
592
595
596
598
599
600
603
605
607
610
611
613
616
617
618
628
630
631
632
633
634
635
637
639
642
643
645
647
648
650
660
661
662
668
675
676
678
681
682
683
684
686
687
688
692
699
700
701
704
705
706
711
718
719
726
729
733
735
737
738
739
740
742
744
745
747
748
749
750
751
752
755
761
764
768
771
776
777
778
781
784
785
786
787
788
790
791
797
798
801
804
811
812
817
821
822
823
826
827
828
832
833
835
839
843
844
845
846
847
848
849
850
852
854
856
859
864
868
870
871
876
877
879
881
887
888
890
893
897
899
901
904
905
906
909
910
912
916
917
918
921
923
924
929
932
945
954
959
960
963
964
966
967
969
971
972
974
975
983
984
988
989
991
992
993
994
998
1000
1005
1007
1009
1011
1017
1018
1019
1020
1026
1027
1029
1030
1033
1034
1035
1036
1041
1043
1044
1045
1049
1052
1056
1057
1061
1062
1065
1066
1067
1068
1069
1070
1071
1074
1077
1079
1081
1083
1090
1091
1094
1096
1097
1099
1101
1102
1103
1105
1110
1111
1117
1118
1121
1123
1129
1132
1133
1135
1138
1142
1144
1147
1148
1151
1152
1153
1155
1156
1161
1163
1164
1166
1170
1172
1174
1175
1176
1180
1184
1188
1193
1195
1199
1205
1207
1208
1209
1214
1218
1221
1228
1231
1233
1235
1238
1239
1242
1243
1244
1245
1246
1248
1249
1250
1251
1256
1257
1258
1259
1261
1269
1270
1271
1272
1275
1278
1288
1291
1295
1296
1299
1303
1307
1311
1312
1315
1318
1322
1323
1327
1330
1331
1339
1341
1342
1343
1345
1348
1350
1352
1353
1355
1356
1360
1361
1362
1367
1370
1371
1373
1377
1380
1382
1387
1389
1401
1406
1407
1411
1414
1415
1416
1417
1425
1431
1443
1453
1454
1455
1456
1460
1462
1463
1468
1470
1471
1473
1474
1478
1483
1486
1488
1494
1496
1502
1503
1505
1510
1511
1516
1517
1518
1521
1533
1536
1537
1544
1545
1547
1549
1550
1553
1554
1556
1569
1571
1576
1579
1581
1584
1585
1586
1587
1595
1596
1600
1603
1604
1606
1607
1609
1613
1614
1615
1619
1623
1625
1632
1643
1644
1646
1647
1651
1654
1655
1663
1672
1673
1675
1677
1679
1680
1681
1684
1688
1690
1693
1694
1695
1696
1697
1699
1705
1708
1709
1710
1716
1719
1720
1724
1725
1728
1731
1732
1733
1736
1737
1738
1742
1743
1746
1747
1751
1755
1760
1764
1765
1766
1769
1770
1772
1775
1776
1777
1778
1780
1785
1787
1791
1794
1797
1799
1800
1803
1804
1806
1807
1809
1811
1813
1816
1818
1820
1823
1825
1827
1828
1829
1831
1835
1836
1842
1846
1849
1851
1858
1861
1862
1864
1868
1870
1871
1873
1878
1879
1880
1881
1883
1885
1887
1888
1891
1894
1896
1905
1908
1917
1918
1919
1921
1925
1927
1933
1934
1935
1936
1937
1942
1943
1944
1952
1953
1955
1956
1959
1961
1963
1964
1966
1970
1971
1973
1974
1978
1981
1982
1983
1984
1985
1988
1993
1994
1997
1999
2000
2002
2003
2009
2010
2014
2015
2020
2024
2025
2030
2031
2032
2039
2042
2046
2049
2051
2053
2055
2057
2061
2062
2063
2064
2070
2072
2073
2074
2075
2079
2085
2087
2090
2096
2103
2104
2105
2107
2108
2110
2112
2115
2121
2124
2125
2126
2129
2132
2133
2134
2141
2145
2149
2152
2154
2156
2159
2161
2162
2164
2165
2167
2168
2170
2172
2173
2174
2175
2176
2183
2185
2186
2189
2191
2194
2196
2198
2199
2205
2208
2210
2211
2212
2214
2215
2217
2219
2221
2223
2224
2225
2227
2235
2237
2242
2247
2250
2255
2258
2260
2263
2264
2271
2272
2274
2277
2278
2279
2282
2283
2285
2288
2292
2293
2294
2295
2296
2298
2299
2300
2302
2303
2305
2307
2309
2311
2312
2313
2314
2316
2320
2322
2323
2328
2329
2330
2331
2332
2334
2335
2338
2351
2352
2355
2356
2357
2360
2363
2364
2370
2373
2375
2376
2378
2379
2383
2388
2389
2390
2392
2394
2395
2399
2404
2406
2407
2409
2413
2417
2418
2419
2421
2422
2423
2427
2430
2435
2437
2438
2441
2443
2444
2452
2456
2458
2461
2462
2467
2468
2469
2470
2471
2475
2480
2483
2485
2487
2491
2494
2498
2499
2500
2501
2503
2505
2507
2508
2512
2513
2514
2521
2524
2527
2529
2531
2532
2534
2535
2539
2540
2544
2553
2558
2559
2560
2563
2564
2566
2568
2575
2576
2582
2586
2588
2590
2595
2596
2597
2605
2607
2608
2609
2610
2611
2613
2615
2617
2618
2619
2620
2625
2631
2634
2635
2641
2644
2653
2656
2662
2663
2667
2668
2669
2670
2674
2675
2676
2677
2678
2679
2680
2683
2684
2690
2692
2699
2700
2704
2709
2712
2713
2720
2721
2735
2736
2737
2747
2750
2756
2762
2776
2777
2778
2779
2781
2783
2787
2791
2793
2795
2798
2799
2801
2807
2812
2813
2816
2817
2819
2822
2823
2826
2827
2830
2832
2839
2843
2844
2845
2848
2850
2853
2855
2857
2860
2861
2866
2869
2871
2877
2878
2881
2884
2887
2889
2890
2896
2899
2903
2908
2910
2912
2916
2918
2919
2921
2922
2925
2929
2935
2936
2938
2940
2945
2947
2952
2954
2956
2960
2963
2968
2970
2977
2982
2985
2987
2992
2993
2994
2995
2996
2998
2999
3001
3002
3007
3014
3017
3019
3020
3021
3022
3023
3025
3026
3027
3036
3037
3042
3045
3046
3050
3053
3055
3058
3059
3066
3069
3074
3077
3081
3082
3091
3092
3093
3095
3100
3101
3103
3105
3108
3113
3116
3117
3121
3123
3128
3130
3133
3138
3140
3144
3146
3153
3160
3162
3171
3173
3177
3181
3182
3183
3184
3187
3190
3191
3194
3196
3198
3199
3204
3206
3207
3209
3212
3213
3216
3217
3223
3225
3226
3228
3231
3238
3240
3243
3244
3247
3249
3250
3256
3259
3260
3263
3265
3271
3275
3276
3278
3279
3280
3282
3283
3284
3285
3286
3290
3291
3295
3297
3299
3304
3305
3309
3311
3314
3319
3323
3324
3327
3328
3332
3333
3334
3335
3337
3338
3339
3345
3346
3352
3355
3356
3358
3363
3368
3371
3373
3374
3375
3376
3377
3381
3384
3385
3387
3393
3394
3397
3399
3402
3407
3409
3410
3416
3417
3418
3420
3421
3423
3424
3426
3427
3437
3439
3442
3444
3445
3447
3448
3450
3451
3452
3454
3459
3462
3464
3466
3468
3470
3471
3472
3474
3477
3486
3494
3497
3499
3501
3504
3506
3508
3509
3516
3517
3518
3519
3522
3524
3525
3526
3531
3535
3537
3540
3541
3544
3545
3549
3550
3551
3552
3554
3559
3560
3561
3563
3569
3573
3574
3575
3576
3578
3584
3586
3588
3589
3590
3591
3596
3597
3600
3602
3606
3611
3612
3614
3624
3630
3639
3641
3644
3647
3648
3656
3657
3659
3660
3663
3665
3666
3669
3672
3673
3676
3681
3683
3689
3690
3694
3698
3699
3700
3702
3703
3704
3705
3706
3710
3716
3717
3719
3722
3723
3726
3728
3729
3731
3738
3743
3745
3761
3763
3764
3765
3767
3769
3771
3774
3777
3781
3782
3785
3786
3788
3789
3791
3792
3796
3799
3805
3808
3811
3812
3813
3816
3817
3818
3824
3826
3827
3831
3835
3837
3838
3844
3846
3849
3850
3854
3858
3859
3860
3863
3864
3865
3866
3868
3870
3877
3883
3887
3889
3890
3891
3894
3899
3901
3905
3906
3908
3910
3916
3917
3923
3925
3926
3927
3931
3933
3934
3936
3939
3944
3945
3948
3950
3951
3952
3953
3956
3957
3958
3959
3964
3966
3967
3972
3973
3976
3977
3980
3982
3984
3988
3989
3991
3992
3994
3996
3999
4005
4007
4010
4016
4018
4020
4022
4025
4027
4029
4040
4046
4049
4052
4053
4056
4062
4063
4065
4066
4067
4068
4070
4071
4072
4075
4079
4080
4081
4082
4083
4094
4095
4096
4098
4100
4103
4110
4111
4116
4123
4126
4132
4134
4139
4144
4146
4147
4148
4151
4154
4155
4157
4165
4166
4172
4175
4176
4179
4181
4184
4188
4189
4190
4194
4196
4197
4198
4201
4202
4205
4206
4209
4211
4213
4215
4219
4222
4223
4229
4230
4231
4232
4233
4235
4243
4244
4245
4246
4247
4251
4254
4255
4257
4258
4262
4266
4267
4268
4271
4272
4274
4275
4277
4279
4281
4284
4286
4288
4295
4298
4301
4302
4306
4308
4309
4312
4316
4323
4325
4326
4328
4341
4346
4348
4350
4359
4361
4362
4369
4371
4373
4374
4375
4377
4381
4383
4384
4385
4392
4393
4394
4396
4400
4402
4404
4412
4413
4414
4415
4416
4417
4418
4419
4423
4425
4426
4427
4428
4429
4434
4436
4440
4445
4448
4451
4452
4454
4455
4456
4460
4462
4465
4468
4470
4473
4480
4481
4482
4484
4485
4486
4487
4488
4492
4495
4497
4504
4508
4509
4510
4511
4512
4515
4516
4520
4523
4528
4530
4533
4535
4541
4543
4546
4550
4551
4553
4559
4567
4569
4571
4572
4574
4575
4576
4580
4581
4584
4585
4586
4590
4591
4596
4598
4601
4603
4606
4607
4608
4611
4613
4614
4616
4618
4620
4621
4625
4628
4630
4637
4640
4643
4644
4647
4651
4653
4656
4659
4665
4668
4671
4676
4679
4682
4686
4688
4689
4691
4694
4697
4699
4700
4715
4720
4722
4723
4727
4728
4731
4732
4734
4737
4738
4740
4741
4743
4744
4746
4747
4750
4753
4754
4755
4756
4760
4761
4767
4768
4769
4770
4771
4775
4777
4778
4780
4789
4791
4793
4795
4800
4805
4806
4808
4816
4817
4818
4822
4823
4824
4829
4831
4833
4835
4836
4838
4844
4845
4847
4851
4854
4861
4863
4865
4866
4869
4870
4871
4873
4878
4880
4882
4884
4885
4888
4889
4890
4892
4894
4910
4912
4915
4922
4927
4928
4929
4931
4933
4936
4943
4946
4950
4952
4953
4956
4957
4958
4959
4962
4964
4967
4969
4971
4972
4974
4976
4977
4979
4980
4983
4985
4988
4992
4993
4994
5003
5004
5006
5007
5008
5011
5013
5014
5020
5033
5034
5039
5040
5042
5046
5049
5058
5063
5065
5066
5074
5076
5078
5080
5087
5096
5097
5101
5102
5103
5104
5105
5111
5115
5121
5124
5127
5132
5134
5140
5141
5142
5145
5147
5150
5153
5155
5156
5159
5160
5161
5162
5163
5165
5167
5168
5171
5175
5177
5180
5186
5188
5191
5192
5194
5196
5199
5201
5207
5211
5215
5217
5218
5219
5222
5224
5226
5228
5231
5235
5238
5245
5249
5252
5255
5256
5258
5259
5261
5262
5264
5265
5272
5273
5275
5278
5280
5282
5284
5285
5295
5296
5299
5300
5301
5303
5306
5309
5311
5312
5314
5317
5318
5319
5320
5322
5323
5324
5325
5326
5327
5330
5333
5334
5337
5339
5340
5341
5345
5348
5349
5351
5353
5355
5356
5357
5365
5369
5372
5373
5375
5378
5380
5385
5391
5392
5393
5396
5399
5400
5401
5404
5405
5409
5411
5413
5414
5418
5419
5423
5425
5426
5429
5430
5437
5438
5439
5440
5442
5443
5446
5447
5452
5455
5456
5457
5458
5462
5463
5466
5469
5477
5487
5489
5490
5491
5494
5498
5499
5500
5501
5505
5506
5511
5512
5513
5515
5516
5518
5519
5521
5523
5528
5543
5548
5549
5550
5553
5559
5560
5561
5568
5572
5575
5576
5578
5579
5582
5585
5587
5591
5594
5601
5602
5605
5608
5609
5612
5614
5615
5617
5626
5628
5630
5631
5634
5640
5641
5650
5656
5659
5661
5663
5665
5666
5668
5669
5673
5678
5680
5681
5682
5686
5689
5692
5694
5695
5697
5698
5707
5712
5714
5719
5722
5728
5732
5733
5737
5739
5740
5745
5746
5747
5749
5752
5753
5756
5758
5760
5761
5764
5766
5767
5768
5773
5774
5775
5778
5781
5782
5785
5786
5787
5789
5790
5791
5794
5805
5808
5811
5812
5813
5815
5816
5819
5822
5826
5833
5834
5835
5837
5839
5844
5846
5848
5849
5850
5853
5854
5856
5857
5860
5861
5863
5864
5865
5867
5873
5876
5880
5887
5888
5893
5896
5900
5901
5904
5906
5907
5913
5919
5920
5921
5922
5923
5928
5930
5931
5934
5935
5938
5941
5944
5945
5947
5950
5956
5957
5960
5961
5962
5966
5971
5972
5974
5976
5977
5978
5986
5987
5991
5998
6007
6009
6013
6014
6016
6023
6026
6028
6029
6033
6034
6037
6038
6040
6041
6046
6047
6049
6053
6056
6057
6058
6062
6068
6070
6071
6074
6075
6076
6078
6081
6087
6088
6089
6090
6092
6095
6096
6098
6099
6100
6104
6105
6109
6111
6112
6113
6114
6116
6119
6120
6121
6129
6130
6134
6140
6142
6151
6154
6157
6160
6163
6165
6177
6180
6183
6186
6189
6191
6192
6193
6195
6198
6199
6200
6204
6207
6208
6209
6212
6213
6215
6217
6218
6220
6221
6222
6227
6232
6239
6241
6242
6245
6247
6248
6249
6255
6257
6258
6259
6260
6261
6262
6265
6267
6268
6269
6271
6272
6277
6281
6283
6285
6293
6294
6296
6307
6311
6312
6313
6314
6316
6317
6318
6319
6327
6330
6338
6339
6341
6346
6348
6351
6357
6358
6362
6363
6366
6377
6379
6389
6390
6394
6396
6400
6404
6405
6407
6408
6411
6412
6413
6414
6421
6422
6430
6431
6436
6439
6440
6444
6449
6450
6453
6454
6455
6456
6458
6463
6464
6467
6470
6475
6480
6481
6482
6487
6489
6490
6492
6494
6495
6496
6500
6501
6502
6505
6507
6510
6519
6520
6521
6522
6523
6524
6527
6535
6538
6540
6543
6546
6547
6548
6549
6558
6564
6568
6572
6574
6575
6578
6580
6584
6592
6596
6603
6610
6611
6613
6615
6618
6627
6629
6630
6631
6632
6633
6635
6644
6645
6648
6650
6652
6653
6655
6656
6658
6659
6663
6665
6669
6672
6678
6679
6680
6684
6686
6689
6692
6693
6695
6696
6698
6700
6701
6706
6712
6713
6714
6719
6726
6729
6732
6737
6739
6742
6748
6750
6752
6755
6761
6765
6767
6768
6771
6776
6777
6779
6781
6783
6784
6785
6788
6790
6797
6799
6800
6807
6810
6813
6814
6817
6818
6821
6825
6827
6829
6830
6836
6837
6838
6839
6843
6844
6846
6848
6849
6851
6853
6855
6856
6864
6865
6870
6875
6876
6878
6881
6882
6883
6884
6885
6888
6889
6895
6900
6901
6904
6906
6907
6909
6913
6915
6920
6924
6925
6928
6929
6932
6937
6938
6940
6941
6942
6944
6945
6946
6952
6953
6955
6957
6959
6962
6963
6966
6967
6970
6972
6973
6975
6976
6981
6983
6984
6986
6987
6990
6992
6993
6994
6996
6998
7000
7005
7009
7010
7014
7017
7019
7021
7023
7025
7026
7028
7031
7032
7033
7034
7036
7041
7044
7045
7046
7048
7051
7053
7058
7060
7061
7062
7067
7068
7070
7074
7078
7085
7093
7102
7104
7105
7109
7114
7119
7121
7122
7123
7125
7127
7128
7129
7131
7132
7134
7138
7139
7143
7148
7152
7154
7156
7157
7160
7163
7166
7169
7171
7173
7175
7176
7181
7182
7184
7186
7190
7197
7199
7201
7203
7204
7208
7209
7210
7212
7213
7216
7218
7219
7222
7225
7226
7227
7229
7233
7235
7238
7239
7243
7244
7245
7248
7249
7252
7257
7259
7262
7264
7268
7270
7272
7273
7277
7278
7284
7291
7298
7300
7301
7303
7309
7311
7312
7313
7318
7319
7321
7323
7330
7331
7332
7334
7336
7338
7344
7349
7352
7355
7358
7361
7362
7365
7367
7377
7378
7381
7382
7384
7385
7386
7388
7389
7392
7395
7397
7404
7406
7407
7409
7413
7420
7422
7423
7425
7429
7430
7432
7435
7439
7446
7449
7453
7454
7455
7458
7461
7463
7468
7470
7473
7474
7475
7478
7479
7480
7487
7489
7498
7508
7510
7516
7522
7524
7536
7538
7543
7545
7547
7548
7552
7554
7556
7560
7561
7564
7567
7568
7571
7572
7574
7576
7577
7580
7581
7584
7590
7592
7593
7598
7599
7602
7603
7607
7609
7612
7616
7617
7618
7620
7623
7625
7627
7630
7632
7633
7635
7642
7644
7648
7654
7658
7659
7663
7665
7666
7668
7670
7672
7673
7675
7677
7678
7679
7681
7683
7684
7687
7689
7690
7692
7695
7697
7699
7700
7701
7704
7708
7711
7712
7713
7718
7719
7723
7729
7732
7738
7739
7741
7742
7746
7750
7753
7758
7761
7766
7772
7773
7774
7775
7782
7786
7788
7790
7791
7792
7796
7798
7802
7806
7813
7814
7815
7818
7820
7826
7827
7834
7835
7838
7842
7844
7845
7846
7847
7850
7853
7857
7859
7862
7866
7867
7874
7879
7882
7891
7892
7896
7897
7901
7902
7903
7905
7907
7911
7916
7917
7925
7931
7935
7937
7941
7944
7946
7949
7952
7953
7955
7959
7960
7966
7967
7969
7983
7986
7987
7989
7992
7996
8001
8002
8005
8012
8013
8014
8020
8030
8031
8035
8037
8039
8040
8041
8042
8043
8048
8049
8053
8054
8056
8057
8059
8062
8064
8066
8076
8087
8088
8092
8093
8104
8105
8106
8109
8110
8116
8117
8118
8119
8135
8136
8137
8139
8141
8144
8149
8150
8152
8153
8157
8160
8162
8164
8171
8173
8174
8177
8179
8181
8182
8183
8184
8185
8188
8189
22
0
65
163
5
133
135
72
9
41
106
46
78
175
16
49
115
147
22
57
121
90
127
