444
0
1024
2
2051
6
7
8
12
1036
2062
15
2063
1040
1041
2065
18
1042
19
1044
21
1050
27
29
1053
2077
31
33
1060
37
1063
40
1067
2094
1072
1074
54
1078
1080
2104
1081
1083
60
1084
2109
63
2111
67
72
2123
76
2124
77
79
1105
1107
2133
1113
91
2139
2147
2149
1127
2152
105
2153
1130
2154
1132
2156
1133
1134
2158
2160
113
2164
117
1142
1145
2169
2174
127
1151
129
130
1154
1156
133
2181
135
1159
2183
138
1162
1168
1169
1171
148
151
1175
1189
1197
174
178
1203
1205
1207
185
1211
1212
1215
194
1219
1221
200
1226
203
204
206
1231
1234
1237
219
1245
225
227
1251
231
234
236
247
1273
251
252
256
257
1281
1285
263
268
1294
273
1297
277
279
1304
1305
282
1308
1309
287
1312
1317
294
297
1325
1327
304
306
308
1334
311
313
1339
317
1341
1343
320
321
1345
323
329
1353
1354
1361
341
342
344
1369
353
1379
1381
360
1388
1390
1394
371
1396
377
380
382
386
387
389
1415
394
1418
1423
401
1425
1427
405
1431
1432
412
1438
415
1439
1440
419
421
428
430
1454
431
432
1465
1466
1467
448
451
1475
1478
456
468
469
1495
1500
1502
482
1506
1512
1519
1521
498
1522
502
506
507
1534
517
518
519
1544
1546
1550
528
1554
531
1557
534
535
1559
1560
1571
551
552
1576
555
558
562
1589
1592
572
1597
575
1599
576
1601
580
1605
1611
590
592
594
606
608
1632
1633
1634
1636
1637
614
1641
626
628
630
1655
1657
1658
642
643
644
1668
648
1672
1674
657
1681
1682
660
663
665
1690
669
1700
679
1703
1705
682
1707
684
1708
1710
1719
1720
1725
703
1728
705
1729
1731
710
713
715
716
1743
1755
733
1757
737
740
743
745
747
1771
1773
753
754
756
1788
1794
772
774
776
781
782
1807
787
1812
789
1813
793
1817
804
805
1829
1831
810
1837
814
1839
818
821
823
1849
1850
828
1855
833
834
1863
841
1866
1867
1868
845
1869
847
1872
850
852
1892
869
1894
872
1896
1900
877
887
1911
1912
1914
1915
1918
1919
896
1920
902
1933
1934
917
1942
1945
1949
1952
937
938
1964
1965
944
1972
1973
950
951
1978
1980
958
963
1990
973
1997
976
977
2001
2002
2004
2005
986
988
2012
989
2022
1000
2027
1007
1011
2036
2038
1017
2041
1018
2043
2044
1022
22
32
96
99
4
164
7
136
73
42
138
47
111
114
20
84
53
151
122
59
60
125
95
