106
0
768
6
262
518
264
520
11
273
20
25
538
30
31
291
547
292
813
46
302
560
50
308
820
309
54
56
824
57
825
571
833
66
323
326
79
850
341
598
344
345
603
862
352
355
359
620
110
111
879
112
368
369
625
375
631
891
636
384
385
897
389
134
651
140
652
653
400
404
406
153
160
164
939
947
184
185
956
448
193
451
452
199
716
208
464
976
217
474
730
732
990
995
996
742
744
491
747
754
499
244
759
1016
507
764
255
31
258
68
69
199
200
202
146
148
21
86
278
90
220
223
287
351
160
34
100
296
365
238
239
113
114
115
308
53
54
55
188
