614
0
1025
2
1026
3
1027
4
8
9
1033
11
1035
12
1036
1039
16
1040
17
18
1043
20
1045
22
1046
1047
1049
28
1052
1053
1060
38
39
1063
42
1066
43
1067
46
1070
1071
1074
1076
1077
1078
56
57
58
59
1084
61
1088
1089
1090
67
1091
69
1093
73
76
1101
1102
79
1103
1104
1105
1109
1110
1111
88
1113
91
92
93
1121
1122
100
102
103
105
1130
107
1131
111
1137
115
117
1141
119
1143
120
1144
125
1149
1150
128
1152
1153
1155
132
133
134
1158
1159
1162
140
141
1167
1168
1170
147
149
150
153
1177
154
155
156
1180
157
1181
1182
159
1183
1184
1185
1186
1187
1188
1189
167
168
169
170
1194
171
1195
1196
173
1199
176
1203
1204
1205
185
1209
1211
189
191
192
1216
1217
195
1219
198
1223
200
1225
1228
1229
1230
207
1231
208
1233
1236
1238
215
1239
216
1240
1241
218
1242
221
224
225
1251
228
1252
232
233
234
236
238
1263
1264
241
243
1267
1268
1269
251
1275
253
254
1279
1280
1282
259
260
1284
265
270
272
1296
273
1297
275
1299
276
277
1303
1305
282
1306
283
284
286
1310
287
1312
290
1315
292
1316
293
1317
294
1318
296
1322
1323
302
1326
1327
305
1330
1332
1334
1338
315
1340
1342
320
1344
321
1346
324
1349
326
1350
1352
1353
1354
332
1357
1359
336
1360
1361
1362
341
342
1366
345
1370
347
1371
349
352
354
1378
356
1380
1381
1385
362
1386
1387
365
366
371
372
1396
374
1399
376
1401
378
379
380
1406
1409
1410
387
1413
1415
392
394
1420
397
1422
1423
1424
401
1425
402
1426
403
1427
404
406
1431
408
411
1435
1437
1438
1439
1442
419
1443
1446
1450
1451
428
1453
430
431
1457
1458
1460
437
1461
1463
441
1465
1466
443
1467
1468
445
1470
447
1474
451
1475
452
1478
455
456
1480
459
1483
1484
1485
463
1487
466
1490
467
1491
468
1492
1494
471
1495
1497
475
477
1502
480
1506
486
1510
487
488
1512
1518
495
496
1521
499
1525
1526
504
505
506
507
1531
508
1532
509
510
1535
512
1536
513
1537
1539
517
518
1542
520
1548
527
528
1552
1555
1557
535
537
539
1564
1565
542
1566
1567
545
547
1571
548
1573
550
551
1576
1579
1582
1583
560
1584
561
1586
566
1591
568
570
1597
1599
1600
578
582
584
588
590
593
598
599
600
603
604
605
606
609
612
613
615
621
622
625
630
631
633
636
637
638
639
646
647
652
654
658
666
668
670
671
674
676
678
679
680
681
684
689
692
694
696
698
700
701
702
703
705
707
708
709
714
718
722
723
724
725
729
733
738
739
742
745
753
757
758
763
764
765
768
769
773
779
780
791
792
795
796
803
804
807
808
809
811
812
818
819
820
824
825
827
831
832
834
842
843
844
847
848
849
851
852
855
856
857
859
864
865
866
869
872
873
876
879
880
882
883
884
888
891
895
898
899
902
904
907
909
910
913
915
919
923
925
927
931
932
938
939
952
953
958
960
962
966
968
969
972
973
977
978
981
982
983
984
988
989
992
994
997
998
999
1001
1004
1007
1009
1011
1019
1020
1021
104
0
1
257
2
4
7
8
9
266
16
273
19
21
23
280
25
26
27
283
36
292
38
39
295
296
42
300
47
48
49
305
308
53
54
310
311
317
318
64
321
68
324
70
71
327
73
77
334
338
85
341
342
343
88
95
96
97
354
99
356
102
358
103
364
109
365
367
115
375
376
378
379
124
125
128
131
132
146
148
149
150
153
158
162
167
169
170
174
182
187
188
191
192
199
211
212
224
228
233
239
240
241
244
255
