5650
3
16387
16388
7
24583
16392
10
24586
16395
12
8205
24590
16399
16
18
16402
19
16403
8215
16407
26
24605
16414
24606
32
8225
8226
16418
35
8227
36
8228
8231
24615
8232
8234
8236
24621
46
48
24625
50
51
16435
52
8244
16436
24628
16437
57
24633
58
24635
16446
63
8259
24644
8263
72
8264
16456
24648
8265
75
8268
24654
24656
16465
16466
16467
24659
8279
16472
8281
16473
16474
8283
93
8285
8290
24674
24675
8292
16484
24677
16486
24681
16490
24684
111
16495
24688
8307
16501
24693
16503
120
16504
24696
24697
8315
8316
24700
125
126
8319
8320
16514
24706
24707
8324
133
16517
135
16519
16520
8329
24715
24717
24718
8335
8338
8340
24725
150
8343
152
8344
16536
8346
16538
155
156
24732
16541
158
8350
159
8352
16544
24736
164
165
16549
16551
16552
24745
16555
24747
172
8364
24748
24749
16558
16562
8371
180
8374
8375
24759
8376
8377
24761
186
187
8380
8382
16577
196
8389
198
8392
24776
16585
207
8399
16592
24784
8401
24785
8404
215
216
16600
24792
24795
8414
8415
227
16612
24804
16613
230
8422
24806
8423
8424
16616
233
16617
24809
234
235
8427
24813
238
24814
239
16624
16628
24820
8437
248
24826
8443
256
257
8450
264
24840
16649
8458
24843
8460
269
8461
271
24847
273
24850
275
24851
16661
8471
8474
8475
16667
24859
284
16668
24860
16669
289
24865
290
291
24867
16676
16678
8487
24873
8491
8493
302
24878
303
8495
305
8498
8499
24883
24886
16695
8504
16701
24893
8510
8511
24899
16708
8517
16710
8520
24904
330
24907
8525
16717
334
8528
8529
24916
341
342
346
16730
24922
8541
8543
16737
355
24931
356
357
16741
358
8551
360
24937
8555
16747
365
8557
16750
24943
369
8561
16753
16757
16758
16760
379
16763
382
383
8577
24961
8578
8580
389
16773
16774
24967
24968
394
8586
16779
396
8588
8590
399
24975
16784
24977
16786
24978
16787
404
8596
24982
407
16793
410
24986
8603
24987
8608
417
8609
24993
16803
16805
16806
423
8615
16807
25000
429
8623
432
8626
25011
436
438
16827
8636
8637
16829
25021
447
25025
8646
25030
25032
16841
459
8651
463
8656
25040
25041
25043
470
16854
16855
16856
16859
16861
25054
16864
8676
8677
8678
25064
8681
16874
16875
16876
25068
16877
16878
495
16879
8688
16880
25073
498
16883
8693
8694
8699
8701
16893
25085
8703
16897
8706
25090
8708
16900
517
25093
8710
8711
521
16907
524
16908
25100
16909
25102
16912
16916
25108
8726
8728
16920
25112
8730
25115
8732
25118
8735
544
25120
548
8741
8742
25129
16938
16939
8749
8750
16942
559
560
564
8756
16948
565
567
16951
568
25145
16954
8764
575
8773
25162
25163
8781
590
8784
16976
8786
595
8789
8790
25174
16984
602
8794
8795
16987
25179
8796
25181
8799
25183
8801
16996
613
8805
25193
8810
25195
8816
628
630
8823
8826
639
17023
17026
17030
17033
25226
8843
652
25228
17038
25230
25232
17044
661
17048
666
8858
667
17051
668
8860
17052
8862
8864
17056
25250
8867
25252
677
8869
678
17062
680
682
8874
8875
685
8877
17069
686
17070
687
25263
688
25264
8881
25266
8883
8884
694
17078
25270
17079
25272
697
17082
17084
701
8895
25280
705
17092
8902
17094
25287
8904
25290
17100
717
719
17103
17104
25296
8913
8914
17110
17112
734
736
17124
741
8933
8934
17126
17128
25320
25324
749
751
17136
754
25330
756
8948
8949
25333
758
25334
17144
761
8953
17145
25340
8957
8958
8959
769
17153
8962
773
8966
775
777
25354
779
17163
780
8973
17166
783
25359
17169
25362
8981
8982
791
25370
25372
17182
17183
25376
802
8994
17187
804
17189
810
17194
812
9005
17199
17200
25392
9010
25394
821
17209
25402
830
9022
17215
832
9025
25409
9026
17218
17219
836
9030
9031
9033
843
25419
844
25422
25424
17233
25425
851
9043
17235
852
17236
9046
17238
855
25431
9048
17240
9049
9050
859
9051
17243
25435
860
9052
17244
861
25437
9057
25441
866
867
17255
25449
9066
17259
878
17263
25458
883
9075
17267
9076
25460
25466
9083
892
25468
9088
9090
17283
901
9093
9095
904
905
9097
9098
910
914
17298
917
25493
25497
9116
25500
926
9118
17312
25504
930
9124
25508
9125
17317
25509
9129
17321
17322
25514
939
25516
9138
9139
25525
951
952
9144
25528
9146
9147
17339
957
959
9151
961
9153
17345
9156
25542
968
970
9162
17355
972
25549
974
975
977
17361
25553
25555
17364
25556
9173
17368
987
25566
991
25567
992
9184
17381
25575
1001
17390
25582
25583
1009
9202
25586
1013
1014
1015
9207
9208
17400
17401
17402
1019
9212
25596
17405
9214
17406
25598
1023
9215
1024
9216
25600
17409
17410
1028
17415
25607
9224
9225
1035
9228
1037
1039
1041
1042
17426
1043
9235
9237
25621
9241
17434
25626
17435
17437
25631
1056
1057
17441
17445
25641
1066
9258
1070
17454
25646
1071
17455
1072
1073
1074
9266
1076
25653
9271
17468
25660
25661
25663
9281
17474
25668
17478
17479
9289
9290
25674
17483
9292
17485
9294
25682
17492
25684
25686
17496
9305
25689
17498
1116
9309
25694
9311
1120
9312
25697
9314
9315
25704
17513
1130
9322
17517
25710
1135
9327
17519
25711
25712
9329
9330
1140
1142
1144
1146
9338
1147
25723
17532
17534
17536
9345
25732
17541
9350
9351
9352
9353
1164
9356
25740
1165
17552
1171
17555
25747
1172
9365
25749
25752
25753
9370
17564
25757
1183
9376
25763
25764
17574
9383
9386
17578
1196
17581
25773
17583
1202
1203
25781
9401
17594
9404
25790
25791
1221
9413
25799
1225
9417
1227
25804
1233
17617
1234
1235
9428
17620
1238
9430
17622
17624
17625
1242
9436
1246
9439
1249
9441
9443
25828
9445
17640
25833
9451
1264
25840
9459
17651
25845
1271
9469
25853
17662
25855
9472
1281
17665
17669
25862
9479
17671
25863
9481
17677
25871
9488
17680
25872
25873
17683
25875
1300
25877
17686
1303
17687
25882
1307
9500
1310
25886
25888
9510
25894
1321
9514
17707
9516
17708
1329
17715
17716
1335
25911
17720
1337
9529
25913
1338
9531
17725
25917
9534
25921
9538
25922
17731
25924
9542
17737
9547
17740
9550
9551
25935
17748
1367
17753
17754
9564
9567
17763
25961
1386
17772
25964
1391
25968
9585
9587
17782
25976
17785
1402
9595
17788
1407
1410
9602
25986
17795
9604
17796
1414
1415
25991
9608
25992
1417
25994
17803
25997
25998
1423
26000
26001
1426
9619
26003
26005
26006
17815
17817
17818
17821
1439
9631
9632
17825
9634
17826
17829
26023
9641
17833
1450
17834
1455
1456
9650
17842
9651
17843
9655
26039
17848
26041
26043
26046
17855
1472
9666
9667
17860
26052
9669
1483
1485
1487
26066
1491
9684
17876
9688
26072
1497
1500
17887
1509
17895
1516
1518
1519
17903
26095
17905
1523
26102
17911
9722
26106
17916
26108
26109
17918
26114
9731
1540
17925
26117
9735
1545
9737
17929
17932
9742
1551
17935
26127
1552
26129
17938
26132
17944
17945
26139
1565
17950
9759
1568
17952
26145
17954
9764
9769
26155
17964
26156
1581
9774
26161
9779
26163
1589
9782
9783
1596
1598
17984
1601
9793
17985
1602
17987
1604
17993
26185
26187
1614
9806
26190
1617
9812
9813
18005
26198
26200
1625
9817
1626
26203
26204
18013
26205
18018
26210
9828
18020
26213
1638
26215
18024
1641
9834
18028
18031
1648
9840
1649
18033
9842
26226
18035
1653
18038
18041
26233
1659
9851
26235
1660
1662
26238
18047
26239
9857
9858
26242
1670
18054
26246
9863
26247
1672
9865
18057
18058
9867
26251
18063
1682
26259
9876
18068
9877
1694
26270
1695
26272
18081
26273
9890
18082
9891
9893
18085
9894
1704
9896
9897
9898
1707
1711
1712
9908
18100
9909
18102
18104
1721
9913
9915
26299
18108
1725
18110
9919
18111
9921
26305
1732
18116
26308
26311
18123
1742
26318
1746
18130
1749
9941
18133
1750
9942
18134
26326
1752
26330
1757
1758
26334
18143
18144
26338
26339
18148
26340
18149
18150
26343
9960
1769
9961
26345
26347
1772
9964
26348
9965
9966
1776
18161
26356
1785
26361
9978
9979
1788
9980
18172
26368
1793
18177
1794
18182
1799
9991
18184
26376
1801
9994
9996
9997
18189
26381
1806
10000
10001
18194
1811
18195
18196
18199
26392
1817
1819
10011
10012
1821
18205
18206
26398
1823
18207
1827
26404
18213
26406
18216
26408
26409
26410
10027
18219
1839
10031
26415
18224
10036
26421
1846
18230
1848
18232
26424
26426
1853
1858
18242
10051
10054
18246
18248
1866
18250
26442
1867
1868
1869
10061
18253
26446
10064
18257
10066
18258
18259
26454
10071
18263
10072
26456
1882
10076
10077
26461
10078
18273
26466
18275
26468
26470
18279
10088
18280
26472
18281
10090
18282
26474
1899
1900
1901
26477
18286
1903
10096
26480
18289
26481
10099
18293
1912
10104
18298
10107
10108
18300
1918
26496
10117
18309
10118
26503
1929
26506
10124
10127
18319
1936
1937
10129
26513
18322
26514
10132
26516
1942
1945
10137
10138
18333
18334
1952
10144
18336
18339
1957
10149
18342
26534
1959
18343
1964
10156
18350
1967
10161
18353
26545
10165
10168
1979
10171
10172
26556
10176
18368
1985
10180
1989
18376
1993
10187
1998
26574
18383
2001
26577
26578
10198
26582
2007
2008
26586
26589
26590
2015
10208
10210
2019
2020
18404
18405
18406
2023
10215
10216
26600
2029
26605
2030
2031
18415
18416
26608
18417
18418
26610
2035
2036
10228
18420
26612
18421
10232
10233
2042
26619
2044
26620
10237
26621
18430
26622
26624
10242
18434
26627
2053
18438
2055
10247
18439
18440
10249
26635
2060
10252
2061
18446
26638
10255
10256
26641
10258
10259
18451
10260
10262
26647
2072
18457
18461
10270
18462
26657
26658
2084
2085
10277
26661
2086
10278
2089
18473
2090
2092
18476
2095
18479
2096
26672
2097
10289
26673
18482
10291
10293
10295
10296
2105
10297
26682
10299
26683
10301
18493
10302
10304
26690
10308
2117
18502
2120
2121
10313
2122
2123
18508
26700
26701
18510
2130
26706
2132
10324
18516
2133
2134
18527
10338
18530
18531
26723
2150
10344
2153
18537
26730
2155
10347
26734
10351
18545
10355
2165
10357
2167
2168
18552
10364
26748
2173
26753
10373
18565
2185
10377
2186
18570
10379
18571
10380
10381
2191
18575
18578
10387
26771
18580
10389
26774
26776
18587
26781
2206
10398
26782
26784
26785
26787
10405
10406
26790
2216
10409
2220
2224
10418
10419
2228
18615
26810
26815
18624
10433
2243
18627
18629
26822
10440
26824
26829
10448
18640
26832
18643
2261
10453
26838
2263
2267
18651
26844
2269
26846
10463
18655
18658
26850
2281
26857
2283
18667
26859
2284
26861
10478
26863
10480
18672
26865
26869
10488
10489
2298
26875
26876
18685
2302
10496
2305
26881
18692
26885
10503
26887
2313
18697
18704
10513
10515
2324
18708
26902
18711
10522
10523
26911
18721
26913
18722
26914
26915
10532
2342
2343
18727
2344
26920
18732
10541
10542
2353
26931
2357
10549
18742
26934
18743
26935
2360
26936
10553
2362
26938
18747
26941
26942
26944
18753
18754
2371
26948
18760
2378
2380
2381
2382
18766
26958
2383
10576
2385
10578
18771
10580
18773
18775
26967
2392
26968
2393
18777
2394
10586
2396
10589
10590
18783
18784
2401
10595
26979
2405
2408
2410
10603
2412
18796
18797
26989
10606
26994
2419
2420
2421
18805
2422
2424
2425
27001
2430
10623
27007
2434
18820
2437
2438
18822
2439
10631
18824
18825
18827
27020
27021
2446
18830
27023
10640
18833
27033
18843
10652
27037
27038
2464
10657
27041
2467
27043
10667
2476
10668
18860
18861
10670
2480
10672
10673
2482
10674
27058
27059
18870
18871
2489
27066
18875
2492
18876
10686
27070
2496
18880
2498
2499
10691
18884
2501
27077
27081
2506
10698
10699
27083
10700
10701
2510
18894
2512
10704
2514
10706
10707
18899
2516
18900
10709
18902
27094
2519
10711
2521
10713
2523
2524
10716
18909
18910
18912
27104
10721
27106
18916
27109
2535
10727
2536
18920
27112
2540
18927
18928
27121
18930
27122
18932
10741
2550
18938
2555
10747
2556
10748
10750
27134
18944
18946
2564
10756
18948
2568
18952
18956
27148
27149
10766
18959
2576
18960
27155
10772
18964
18965
2583
10775
27159
27160
2585
18969
10780
2589
18973
2590
18975
27167
2594
2595
2596
10788
18981
2599
2602
27179
10796
10797
2612
18997
2618
19002
2620
19004
10813
10816
2625
27201
10818
27202
10824
2636
27214
19023
2641
10835
19029
19030
2648
10840
2649
10841
10844
10845
10846
2655
2656
10849
19042
2659
19043
19045
27238
19047
27240
19049
27241
10858
27243
27244
10861
27245
19054
19055
10864
27249
19059
2676
10871
2681
10873
2682
10874
2685
2687
19071
27263
10880
27265
19074
2692
19081
10890
10891
27275
10892
27277
2702
19088
10897
27281
27283
19092
2709
10901
2710
27286
10903
2712
10905
19097
2717
2718
19102
2719
27295
10912
2722
10914
10915
27299
19109
27301
10920
27304
19113
27307
10924
19116
2733
19117
10926
10928
27312
10929
10930
2740
10932
2744
2745
27324
19137
27331
19141
27335
27336
10953
10957
2767
19152
27344
2769
10961
2770
19154
2771
10964
19156
10966
2776
19162
10971
19163
2780
2781
10973
19165
27358
19168
27360
2786
10978
10979
10980
27364
2791
19175
2793
19178
27370
10987
27374
27376
19190
19191
19192
27386
2811
11003
2813
19197
2816
19200
11013
11014
19207
11017
19210
27411
2836
11030
2839
11031
2840
2841
19225
27417
2843
27420
2848
11040
19232
19233
11042
2851
27428
19237
11046
19239
2863
19247
27439
11057
19250
27442
2869
11061
2871
11063
27447
2872
11064
19256
2873
27450
2875
27451
19260
2877
2880
11072
27456
11073
19266
11076
27461
11079
19272
27464
2889
19273
2891
11084
19278
2895
19279
2900
19284
2904
19288
2905
19291
11100
27485
27489
27490
11107
27491
19302
27498
11115
27499
27501
2928
11121
27505
27508
2934
27510
2935
27511
19323
11133
27520
11140
19332
11142
11143
19335
11144
2954
19338
11149
19341
2958
11151
19343
27535
2960
11152
19347
27541
11158
19350
27545
19354
11163
19355
11167
2978
2979
11174
11177
19369
27561
2986
27562
19373
2990
27567
11184
2995
11187
19380
27572
11190
27577
3002
3004
19388
19390
19391
27583
11200
3011
19396
11205
11207
3016
27592
3017
3018
11210
3019
3022
19406
27598
3026
27602
19411
3028
11220
27604
27605
19417
27609
27613
3038
3039
3041
27617
3043
11235
19429
11240
11241
3050
19436
19437
27629
11247
11254
11255
3065
11257
19449
19450
27642
19454
3075
11267
19464
19465
3083
27659
3084
19469
27661
3087
19471
27665
3091
27667
3092
19477
19478
11287
11288
27672
11289
19481
3098
27675
11293
3102
11294
19487
27679
27680
27681
3106
11302
3112
19496
3113
19499
19500
3117
11309
19501
27694
3121
11314
19506
27699
27700
11317
27701
3126
19510
19511
3128
3130
11323
11325
11327
19523
11332
19525
11334
27721
11338
27722
3148
27726
3151
19536
11345
3154
27731
27732
11350
27735
3161
11353
27737
3163
27739
19548
11357
11360
27744
19553
19555
27747
3174
27750
3175
19559
19561
19563
19566
27758
11378
3187
11379
27763
11381
19573
27766
27767
3193
19577
19584
27779
19588
3205
27782
19592
27784
19593
19596
3213
11405
27789
3214
19598
19599
11409
3218
11410
3219
19603
27795
27797
11414
19607
27799
19608
27803
3229
19613
11424
19617
11426
19620
3238
19623
3240
27817
11434
11435
11436
11437
11438
27822
3247
19631
19635
11444
19642
3259
19646
11458
27845
3270
3272
11465
27852
11469
3278
11470
19662
3280
11472
11475
11476
27860
11479
3288
11480
27864
3289
11483
3292
3294
27870
19679
3296
27872
19681
27873
11490
19682
27874
27875
3304
11496
11498
11499
19692
11501
27885
11502
19696
3313
19698
27890
27891
11508
27892
3322
19707
19708
3327
11520
11521
27907
11533
19725
19726
27918
11537
19729
19730
27924
3349
27925
27927
3352
11544
19737
3355
11547
19739
3356
19740
27933
19745
3362
27938
19747
19749
11559
19752
27944
11562
27946
3374
27952
19762
11571
27955
27956
27958
27959
3384
19772
11583
3392
3394
3395
27971
27972
19783
27976
19787
11597
19789
11598
27982
11602
27986
19796
27988
27990
19802
11611
11612
11614
11615
19808
28000
11618
11619
19813
28005
3431
19816
28008
19817
3434
19818
3435
28011
19822
11631
3440
11632
11634
3443
28020
19829
19830
28024
3449
3450
19834
3452
3454
11646
19838
11647
11648
11650
19842
3459
11651
28036
28037
11654
28038
28039
11657
19850
28042
28043
3468
19854
3472
11666
19858
11667
19859
11669
19864
19865
11674
19866
3484
11677
3486
11678
28063
28065
11684
19877
3494
19878
28071
28072
28075
3503
28079
28080
11697
28081
11699
19891
11700
19894
11703
28087
3512
19896
28088
19898
19900
3518
11712
3521
3524
3525
11717
28101
11718
3527
19911
11720
19912
3530
3531
19916
11725
28112
28114
3540
28118
11735
11736
19931
11740
19938
28130
28133
11752
19944
28136
28137
11758
11759
3568
19952
11762
11763
28148
3574
28150
3580
11772
3581
28157
11777
19972
28165
19977
11786
11788
19980
3597
28175
19984
19985
3603
28180
11797
19991
11800
11803
28188
19997
3614
3615
11807
20000
28192
11809
3618
11812
20004
11815
20007
3627
28204
3629
20013
20015
20016
28208
11825
3636
11828
11829
28213
11830
28214
11831
20023
28215
11833
3642
11834
28218
20028
20030
28223
11844
20036
11846
20039
20041
11850
3660
3663
20047
3664
20048
28240
20050
3671
20056
3673
20057
28249
3675
3676
20061
3678
20064
11873
28259
3684
20074
20077
3696
11894
11895
20089
20090
3707
3708
11901
20093
11904
20096
11914
11915
3724
11919
20111
3728
3731
11923
3732
3733
3734
11928
11932
11935
11936
20128
3745
20130
3748
3751
11945
11947
3756
11948
20140
3758
20146
3765
3767
3769
11962
11964
3774
3775
3777
3783
20167
20168
11978
11979
20173
3791
11987
11989
20181
11990
20183
3800
20184
3801
11993
20186
11996
3807
3809
3811
20196
12005
3816
12008
12009
12011
12012
12013
3823
12015
12017
3826
20211
12021
3830
20216
12025
3834
20219
20220
3838
12030
20224
3841
20227
3847
20231
20235
12044
3855
3856
20241
12050
12051
3860
20244
3861
12055
3864
3865
20251
12066
20260
20263
3883
3885
20270
12080
12081
20276
3893
12086
3895
20279
20284
20286
12095
3905
12097
12098
3907
20293
12102
20295
3912
20296
3913
20297
12106
12108
20300
3917
20301
20303
3920
12113
20306
12115
12117
3926
12124
3937
3943
12135
3944
20328
12137
20329
12138
12140
12141
12142
20335
20336
20337
3954
3955
12148
20340
12151
20343
12152
12153
20347
20349
20351
3970
3972
12164
20356
12167
3976
20360
12169
3981
12173
3982
20366
3983
3986
3989
12181
12182
12184
20376
12186
20378
12189
3998
20382
4000
20389
4006
4008
20392
20394
4014
12210
12213
12214
20409
4026
4029
20413
4030
12226
4037
20421
4038
4039
20423
12237
4046
20432
4049
12241
20433
12245
4054
12246
20440
4057
20449
20450
4070
20454
4072
12264
4073
4074
12266
4075
20460
20461
4080
12274
4085
12279
20471
12281
20473
4090
12282
12285
4094
12289
12291
12294
12296
20488
4105
4107
12301
20497
20498
20501
4118
12310
4122
4124
4126
12319
12321
20513
4134
4135
20521
4139
12331
20523
20526
4143
20527
4146
4148
4150
20535
12346
4155
20540
20541
20542
4161
20545
4165
4166
12358
20553
4170
12366
4175
12367
20559
20560
12369
4178
20565
20566
12375
20569
4186
20570
4194
4197
12389
4198
12390
4201
20585
4202
4206
4207
4209
12402
12403
12404
4213
12410
12411
4220
4223
12415
12416
20610
4227
4229
4230
12422
4234
12428
12429
4239
20623
20624
4242
20630
4247
20631
4248
12441
20634
20635
4252
12444
4253
20638
4255
12447
4256
20640
12450
12452
20646
4266
20662
4280
12472
20667
20668
12477
12479
12481
20675
20676
4295
4296
12488
12489
20683
4300
4302
20687
4308
12505
12510
4319
20704
20705
12514
20706
12516
12518
12519
4328
20712
12522
20716
4334
12526
12528
4338
20722
4340
12534
4343
12535
20727
20730
4351
20735
4352
12546
20738
20747
12556
12559
12563
20757
12566
4375
4377
4378
20770
4387
4388
12581
20773
12583
20775
4392
20779
12590
4400
20784
12593
12595
12597
20789
4407
12599
12600
4409
4411
4412
12604
20796
4413
20797
4416
12610
12615
4425
12618
4427
4432
20817
4434
12626
12627
12629
12631
12633
4442
12634
20828
4448
20832
20834
20835
4452
20836
20837
4455
12649
12650
20844
12655
20847
4464
20849
4466
4468
4469
12662
4471
4472
12664
12666
20858
4479
20863
20864
12673
4484
4485
4488
12680
20877
12694
12697
4507
20892
4511
12707
4516
20906
20910
12720
20916
4542
20926
20927
4545
12739
12740
20932
4550
12744
20937
20939
4558
12751
4560
20944
12754
20946
12755
20950
4567
12759
20955
4578
12770
20962
4580
20966
4586
12781
12782
12786
12787
4596
4597
20982
4599
4601
12793
12798
20991
20993
20995
12805
20997
4616
21000
4622
4626
4629
12822
21015
12824
12826
21018
4636
12828
21020
4637
4639
4640
12832
21024
4644
12838
4647
4649
4651
12843
4653
12845
4654
21039
12848
4659
4660
12853
12854
4666
12858
21052
12863
21055
4672
12865
21057
12866
12868
4682
21066
21067
12876
21068
4686
21071
12881
4690
21075
4692
21076
21078
4696
21082
4699
12891
12892
21086
12897
4707
4711
21095
21097
4714
4715
4718
21102
21103
12912
12913
12914
21107
4724
4729
21115
12924
12927
4736
4739
12934
12935
12938
4748
21132
12941
4751
4754
12947
21140
21142
12952
21144
12953
4762
4763
12955
21149
12958
21150
12959
4772
4774
12970
4779
4783
12975
21169
4786
12979
4788
21172
21173
4790
21177
12986
4801
12994
12996
12997
21189
4809
21194
4812
4817
21201
21202
4821
4822
13018
21210
4827
4828
13020
21212
21213
21214
13023
21215
4832
21216
21217
13026
13027
13028
13030
21226
13035
21231
4851
4852
4853
21237
4854
13046
13047
4856
13048
21242
4859
13051
21246
21248
21249
21252
13061
4870
4871
21256
4873
21257
21259
4876
4877
13069
4878
21263
4881
13073
21266
13076
4886
13078
21270
4887
21273
21274
4892
13084
4893
4894
4895
4897
4898
13091
4900
13093
21285
13103
13104
4913
21298
13107
4917
21301
21302
4920
21304
4922
13114
13118
21310
4927
13119
4928
13120
13121
13122
4932
4934
4938
13134
4944
13136
21328
4946
13138
4947
4949
21335
21336
4953
21337
13146
21342
13151
4960
21345
4962
13154
21346
4967
21352
21355
4975
4977
13169
13172
21365
4982
4985
13177
4987
13179
21371
4991
13185
4996
21381
4999
13191
13193
21387
5004
5006
21391
13201
5011
5016
5020
13212
13213
21405
5023
5028
21413
21418
5036
13232
13234
13238
5047
13240
13242
21434
5051
21438
13249
13253
21448
13257
5066
13259
21451
13261
21458
5075
13267
21460
21465
5082
5087
13279
21471
21472
5090
21475
5095
21484
13293
21485
21486
13298
21490
13299
21496
13305
5114
13306
5117
5120
21506
5123
5124
13319
21511
13324
13326
5137
13329
5140
13332
13334
13335
13336
13337
5148
21534
5151
5156
5162
21546
13355
5165
21550
13361
13363
21555
21556
5173
21559
21560
13369
5178
21563
5181
13373
13374
13376
13378
5188
5189
21574
5196
21580
5199
21583
5204
21589
5206
21590
5207
13400
21593
13402
21594
13407
21601
21602
5220
21604
13413
5222
5224
13416
13418
5230
13423
13426
13430
13431
5241
21626
5243
21629
13438
21631
5248
13440
13444
5254
21639
13449
13451
5261
5262
13456
21649
13459
13462
21654
5271
5275
5278
21663
5282
13475
5284
13476
21671
5289
5290
13486
21678
13487
5296
13488
5297
13490
5299
21683
5302
21687
21688
5305
13498
13499
21692
21699
5317
21701
21702
5320
5323
21709
13518
21716
21718
13527
13530
21722
5340
5341
21726
13535
13539
5351
5355
13547
13548
5358
21742
13551
5363
13555
5366
5369
13561
13564
13565
21757
13569
21761
21762
13571
21763
13572
13573
5383
5386
21772
5389
13582
13583
13584
13586
5396
13589
13590
5399
13591
5401
13593
13596
13600
13601
5410
13602
21794
5411
21799
21800
5418
21802
5419
13612
21805
21807
5424
21810
5427
21811
5428
21812
5430
5431
21817
21820
13629
21822
21823
21824
21825
13634
21828
21829
5447
13639
13640
21834
5453
21840
5457
5458
13653
5464
21848
21849
5466
5468
13663
13665
21860
21862
5480
5481
13673
5482
13674
21866
13675
21869
5486
21872
21874
13686
21878
21879
5496
21885
5502
13695
21887
5504
5506
13698
5507
13699
5508
5510
13703
5513
13706
21898
21900
5517
5518
21904
13714
13716
13717
21909
5528
5532
5533
5534
5536
13728
21921
5538
13733
21925
5542
5543
13735
5545
21929
5551
5553
13745
13746
21938
13748
13749
13752
21944
13754
21946
5565
21951
21957
21958
5577
5578
13770
21963
21970
21973
5592
21977
21980
21984
5602
13797
21989
5607
21991
13800
13801
13802
21994
5613
13808
22001
22004
22008
5626
5627
5628
22013
13823
13824
13826
22018
5636
22020
5638
22023
22024
22027
5647
5648
13840
22032
13843
22035
5655
5656
5660
5661
5662
13854
22046
5663
22047
5665
5667
13863
22056
13867
13868
22060
5678
5682
22066
22068
22069
5687
13879
22071
13880
22072
22074
5691
22080
5698
13890
22082
13891
5700
13892
22084
22085
5704
13896
22088
5705
22089
13900
5713
5717
5720
13913
22105
22107
5726
13919
13920
22112
5729
13924
13926
5735
22122
22123
13932
13934
13935
5745
22129
5746
22131
13940
22132
5749
22133
5751
13943
5757
13949
13950
22142
5760
13957
5766
5767
13961
13962
5775
13969
13970
22165
5782
22166
13975
5784
13976
22170
5787
5789
22176
13985
13986
13987
5796
13988
22180
22182
5799
22183
5800
22186
5808
22195
22196
14005
14008
5817
22202
5819
14011
5822
22206
14015
14017
22209
22210
14019
5830
14022
5831
14024
5834
22219
22221
22222
14032
22225
5843
14036
14039
5848
14041
22233
5851
22236
14045
5858
14050
14053
5863
14063
14064
22256
5875
14067
14069
22261
5879
14074
14076
14080
22276
14086
14088
22284
5911
22296
22297
14106
5916
5919
14111
22306
5925
5926
14119
22311
5928
14120
5930
5936
22321
5938
5939
5941
14133
5943
14135
5944
14139
22335
14145
5955
22339
5958
22344
22346
14155
22349
5966
14158
5968
14160
14162
14164
22356
5973
22359
5977
5979
5983
14175
22370
14179
5988
22376
14185
14187
14189
5998
14191
14192
6003
6004
22390
14199
6008
22392
14203
14204
14205
14206
6016
14213
6022
14214
14215
22408
22411
22414
14223
6033
14225
6034
6036
14229
22422
6040
14232
14233
22427
14236
22428
6045
22432
6050
22434
14246
22439
22440
22441
14251
6060
14252
14254
22446
14256
22448
6067
14259
22451
22453
6071
6072
22456
6073
14265
6075
22459
22460
6077
22465
6082
14274
22466
6083
14275
14277
14282
6091
14285
22478
14287
6096
14289
22482
14292
6102
6106
6107
14300
6113
14305
22497
14306
6115
22503
14312
22504
6123
14315
6124
14320
14323
6132
6133
6134
14329
6139
6142
14334
6143
6144
6145
14339
6149
6153
22542
22544
6161
22546
6163
14357
6168
14363
14364
22556
14366
6175
14371
22563
14373
22565
6183
22570
14379
22572
14381
22573
14382
22574
6191
22577
14387
14391
14392
22585
14394
22586
22588
14397
22589
6206
14398
22590
14400
22592
6211
22596
22598
14409
22601
14411
6221
22606
6223
22607
6225
6226
6229
14422
6231
22615
22617
6236
22621
22625
6244
6246
6247
14439
14442
22634
14443
6252
6253
22641
6259
6260
22644
14455
14456
22649
6266
22650
6268
14461
6270
6271
22655
6273
22657
6279
6284
22668
6285
6286
14478
6288
6291
14483
14484
14485
6294
14491
22683
6300
14492
22685
14494
6306
22690
6308
14507
6320
14512
6321
6323
14516
6326
14519
6328
6329
22713
6330
14524
6333
14526
22718
22722
14532
14533
14534
14538
22730
6348
14540
6352
22739
14549
6359
14552
14553
6362
6363
22749
14558
6367
14560
14561
6372
22756
6375
14567
14568
6381
14574
14576
14577
22774
14583
14584
14585
22777
14591
14592
22785
22786
14596
22788
14597
22789
22790
22792
14603
6412
22796
6417
6419
22806
22808
14617
22809
6426
22810
6427
22815
22817
6435
6436
6438
14630
22822
6439
14631
6440
14632
6441
6445
14639
22831
6448
14640
14641
14643
14645
22837
22839
6457
22841
6462
22849
14658
22851
22852
6470
14662
22854
6472
6475
14668
14669
14672
14673
22865
6483
14679
22871
14680
6489
14685
14689
22882
22885
14696
6509
14702
22896
6515
14709
22901
14712
22905
22906
6523
6524
22908
6525
22909
6529
14721
22913
14723
14727
14729
14730
22922
14732
6541
6544
22931
22933
6551
6552
14745
6557
22945
14754
6564
6565
14757
22953
14763
14765
22957
14766
6576
14768
22967
14782
6591
22976
6595
14787
22981
6601
14793
14794
6603
14795
14796
14798
6609
6613
22997
6616
6617
23001
14810
23005
6628
14820
6630
14826
23019
6638
23022
6643
14837
23029
14838
14844
23036
14846
23038
23040
14853
23047
6665
23049
6666
6667
14859
23052
14861
23056
6673
14866
6677
6679
23064
14873
6682
14874
6684
14876
6688
6689
6692
6694
14887
6697
23081
14893
6702
23086
14897
23090
14899
23091
14901
14902
23094
6711
6713
14907
23101
14911
23104
23105
6722
23106
6724
14916
6725
14917
14920
14922
14925
6734
23120
23121
6738
23122
6741
6743
6745
23130
23131
6749
14944
23138
14947
14948
14949
6759
14951
23143
14952
14954
23147
14958
14960
23152
23154
14964
23157
6777
14969
6778
14971
14974
23169
14978
6790
23174
6794
23178
14990
6799
6800
6801
14995
14999
23191
6808
15001
6810
23194
15003
23196
6815
6816
6818
15010
23202
15011
15014
23206
6823
15015
23207
6825
6827
15019
23211
6828
6830
6831
15026
23222
15033
23228
15037
23230
23231
15040
23233
6851
6852
23239
15048
6859
15051
6860
6866
15060
15061
6872
23256
15067
23259
15068
23261
15070
23262
15072
15075
23269
6886
6889
23276
15092
23284
23286
15097
6906
6909
23293
23296
6913
6914
23298
15107
23300
23302
15113
23305
15116
6925
23310
15121
15122
6935
23320
15132
15133
23325
6942
6943
23328
15137
23332
15141
6950
6953
23337
6955
15147
23341
6961
23345
15154
15155
23347
15158
15160
15161
6971
15166
23360
6979
15171
23363
6981
23365
23366
23370
23371
15181
15182
15183
15184
6993
15186
23380
6999
15191
7002
15195
7004
15196
23389
23392
15201
23394
23395
15204
23396
15206
15208
23400
7018
15210
15211
23403
7024
23409
23411
7028
15221
23416
7034
15228
23420
15230
23422
7040
7042
7044
15239
23431
15248
15249
7063
15259
23455
7076
7079
15272
23466
23468
15277
23470
23473
7090
15284
15286
15287
15288
7099
23483
23485
7102
7103
7104
15296
7106
23491
7110
15306
7115
7118
15310
23511
15329
15331
23523
7142
7143
15337
23531
23535
7152
7153
15345
23537
15346
15347
23541
15351
15352
23544
23545
7163
7165
15357
23550
7167
23552
7169
23555
7172
15366
23558
7181
15383
7194
23578
7195
7199
15391
7200
23585
7202
23590
15400
23594
23597
7214
23606
23608
7227
7232
23620
23621
7238
23622
7240
15432
23624
15435
23628
15437
15439
23632
7253
7254
23638
7256
15448
7258
15451
7261
15456
15457
23649
7267
15462
7271
7275
15472
23665
15476
23668
7287
15480
23673
7290
15482
7297
7300
15493
23687
15496
15498
15500
7311
23696
7315
15509
23702
7320
7321
7323
7324
7326
23710
7329
15521
23714
7333
15525
7335
7338
23723
15532
23725
15535
15537
7346
15538
7347
7348
23732
7349
23737
15546
23738
15551
7360
15552
23744
15555
15556
23751
23752
7374
23761
7378
23765
23766
23767
7385
15577
7386
15580
23772
23773
23775
7392
7393
15587
7397
23781
15594
23786
7403
15597
23789
7409
15601
23794
7411
7412
7413
23798
7415
23800
15609
23802
7422
23809
7426
23812
15622
7433
23817
7434
23824
15636
23828
23832
7451
7452
23839
23840
15653
7462
23846
15655
23849
7467
15661
7475
23864
7481
7482
23869
23870
7487
7488
23872
15681
23875
15684
23876
15685
23877
23879
15688
23882
15691
23884
15695
23887
15697
15698
23891
7514
7518
7520
15712
7521
15713
7524
15716
23910
23912
15721
7532
7533
23917
23918
23921
23923
15735
23927
23928
15738
7548
15744
15747
23941
15750
23944
15753
7562
23946
15755
7565
15757
15758
15759
23953
15763
23957
7575
7576
15768
7577
15774
15776
7585
15779
23972
7593
23977
7594
15786
7596
23980
23983
7603
23988
15797
23989
7607
15802
15805
7615
15808
24001
7618
15812
7623
7625
24009
24010
15821
24013
7633
24018
7635
15827
24020
15829
15834
15835
24028
7646
15838
15839
24031
15840
15843
24035
7652
15845
15846
7656
24040
15849
15851
24043
24044
15854
24051
7670
15862
7672
24057
15867
24061
24064
7682
15874
7683
7685
15878
7687
15879
15880
24075
7692
15884
7694
15889
24083
7701
15893
15894
24087
24088
7706
7707
24092
15903
15904
15905
7717
15909
7718
15913
7722
7723
15916
24108
7728
24114
7731
24115
15924
24117
24118
24119
24121
15933
7742
15934
7744
15937
7747
7751
15943
7752
7753
15945
15946
24138
7756
15949
24141
24147
7765
15958
24151
15961
7771
15963
24155
15964
15966
24161
15970
7779
7780
7781
24165
15974
24167
7790
15985
7796
15988
7797
7798
24183
7801
24186
24189
15998
24190
15999
16000
24194
16005
7814
16008
24201
7821
24205
7822
16014
24207
7829
16021
7832
16026
24218
24219
16028
7837
24221
24222
7839
16031
7841
24228
7845
16038
16040
16046
24238
7855
7856
7857
16049
7860
24247
7864
16058
16060
24253
7870
7871
16063
24257
7874
7875
7880
24264
7882
7883
7891
7892
7893
24277
7894
7896
16088
16089
24281
7898
7899
16092
24286
16096
16100
16101
16102
7912
24296
7914
16106
7915
24299
16108
7920
7923
16116
24308
16117
24310
7929
16121
24314
16125
24317
16130
24322
24327
24328
7945
16137
24330
7948
16141
7954
24338
7956
24344
16155
7965
24351
7970
24354
24355
7972
16165
16166
16167
7977
16169
24362
7979
24366
7983
16176
7985
24373
7992
7993
16186
7995
24381
16190
24382
8001
16193
24387
24388
8008
24392
8011
24395
16206
8016
8018
8020
16212
8025
16218
8029
8031
24415
24416
16228
16230
24424
16233
16234
16239
24432
8050
8054
8055
16247
24439
16248
16249
8058
8060
24446
16257
24449
8066
8067
16259
8071
24459
8076
16268
24460
16269
16270
24468
24471
8091
24476
16285
8095
24481
8101
16294
24487
8110
16302
24494
8112
24497
16306
24501
8118
8121
24506
24507
8132
8133
8136
8138
24523
8140
24524
16333
24525
24526
24527
16336
8150
16343
24539
8156
16348
24541
24543
8163
24550
8167
16364
24556
8174
24558
8175
16368
8180
8184
16379
24573
11
0
197
230
390
264
457
170
203
443
14
383
