4370
32769
32770
16387
24579
8196
24580
16391
32775
8200
24584
9
8203
24590
32783
32784
17
18
8210
16403
24598
16409
24606
16416
8225
8226
8227
24612
37
32805
32808
42
8235
49
16433
56
32824
16441
24634
8252
8253
16445
62
8256
32833
24645
32838
24647
72
73
24649
24651
16461
24654
80
8272
32852
86
24662
24663
24665
32859
24668
8285
8287
32865
8291
16485
16486
32870
24679
32871
8297
8299
24684
113
16500
117
24694
8311
8312
126
32897
24707
32899
132
32904
8334
32912
147
16531
149
32917
24730
24733
8350
8362
32939
173
24751
16560
32948
190
8382
8384
32961
195
16579
198
32967
201
203
24779
204
8397
24781
16595
24787
16597
8406
16598
16603
220
24796
221
8413
16608
16609
16612
24804
8422
16615
16616
33000
24813
8432
245
247
8440
8441
16635
33019
8447
16639
24832
33026
8451
260
24836
8453
267
8459
24845
8462
272
33042
33044
282
24862
8479
33056
33058
292
8484
297
16682
8492
8493
8499
313
8507
24892
319
8512
24896
321
33090
8515
16707
24899
24901
33093
24903
333
33101
24910
335
336
339
16725
16726
344
347
33115
33116
33118
33119
8550
33129
363
16748
24940
16749
24941
16753
24951
379
8573
16765
8576
386
391
8584
8586
24972
16785
8600
33181
8606
418
33186
16804
16807
25000
427
33195
33196
8623
16818
33203
436
25012
16824
25016
8648
8651
461
33231
33232
25042
25043
33237
470
8665
474
8668
477
25058
8675
25063
25064
33257
33258
25067
493
33263
8689
25073
33267
8695
25080
8699
16892
16896
8705
25089
516
16900
33285
518
519
8711
520
8712
8716
16910
33295
528
16912
529
8721
16913
16914
25106
8725
33301
534
33303
537
548
16934
16936
25128
25130
555
557
8749
558
25135
16946
563
8759
16952
16953
573
575
8768
577
8771
25156
583
33355
588
8780
589
25166
16975
33359
33361
8787
33364
599
601
16985
16990
16992
33376
609
25185
33380
615
8807
16999
33384
25193
620
622
33391
625
8821
632
33404
17023
8832
17026
25218
33411
8837
25221
33414
8839
17032
650
651
17036
33420
33421
8849
658
8851
8856
33433
666
17054
672
8864
673
674
33444
8871
8873
25257
33449
8875
25260
8879
17071
689
8881
8884
25270
17081
17082
8891
25275
8892
25276
704
705
706
707
33485
8914
17106
25302
17111
25303
728
8922
25306
33501
735
736
33504
17121
25313
743
33511
33513
33514
33515
17133
8944
33520
17138
33523
17140
763
8955
764
25340
33532
25345
25347
774
25350
777
17162
25356
8975
25359
33551
8980
25364
8981
25365
790
17174
25368
33560
793
33563
33564
8990
8991
17184
802
33570
25381
17190
33574
808
33576
33577
17194
17196
17197
25390
9010
33588
822
17207
9016
9021
33599
17218
9028
17222
33606
25415
840
9032
17224
17225
33611
25420
845
846
17231
850
17234
9044
853
9046
855
9047
9051
33632
17249
33633
9058
25443
33635
17253
33637
9063
9064
9066
9069
25454
9073
9074
17266
25458
33651
25461
17271
25465
33657
17276
893
17277
25470
33662
33668
901
9093
25477
902
17286
25478
25481
25482
910
17294
9103
17295
17299
25491
17300
25498
9115
9116
25500
9120
939
17324
943
33711
17330
17331
17332
25524
33716
17333
9142
25527
955
33723
9149
9150
33727
17347
9157
25541
966
25545
33738
17357
17359
17364
25557
17366
33753
989
9181
25565
990
25567
17379
25572
25573
1002
33770
33772
9198
33774
25583
9201
25586
17396
9205
33781
25591
1017
9209
25594
1019
9211
17405
1022
1023
17408
9218
1028
1032
25608
9226
17419
33804
1037
25613
17422
9232
1042
9239
1049
25625
1050
9242
1055
25633
33828
9253
17447
9259
1069
9261
33837
17454
25646
25648
33843
33845
25659
1085
33856
25672
17481
25673
9290
1099
9292
17484
9294
25685
17495
1113
33881
1115
33884
9309
17504
1123
9316
1125
17511
25703
33895
25706
17515
17516
1133
33901
1136
17521
1138
17522
25716
25718
33911
9337
33913
25727
33920
33921
25734
25736
1163
9356
25741
17550
33937
33939
9364
33940
25749
1174
1176
25755
33947
9373
33950
33954
1192
9384
9385
9386
9389
17581
17584
9393
33972
1206
33975
1208
9405
17598
9408
17601
17602
9412
9413
17605
9415
33994
25804
1230
33998
25809
34001
34002
17620
9429
17624
25819
9436
17629
17631
9441
34018
25827
1252
1253
25829
34023
1256
9448
9449
9453
1262
17646
1265
34033
17652
9461
34037
9462
34039
9464
9466
17658
34050
9481
25865
17675
25868
34061
9488
25876
34071
9497
9499
17692
17696
25888
17697
25890
9507
17699
34086
17703
34087
9513
25897
9521
9523
17715
34099
25909
1334
9526
34102
17719
9531
1340
1342
25918
17727
34111
25920
34112
17732
34117
25927
34119
17736
25928
9545
17738
25932
34124
9549
17741
25937
34130
17749
17751
34137
25946
1371
17760
1379
1383
9577
17769
34154
17772
1390
9587
17788
17789
1409
34177
17796
9607
25992
34184
17801
25993
1418
9611
9612
34189
9617
34196
34200
17819
9633
26018
34213
26023
34215
1448
34216
1449
1451
17835
9645
9646
17839
26031
17841
1462
9656
9668
34245
34246
17865
1482
9674
9677
17870
26066
26067
17879
26071
9692
1503
17890
26084
26086
1513
26093
34285
1519
34287
17904
26096
34291
1524
9716
17908
9719
17911
1529
26110
26112
34306
34309
17930
26122
1547
17932
26125
17937
1555
17939
26135
34327
17945
26137
34333
17953
34340
34342
1576
17960
26157
9778
9783
17977
17979
17980
1598
9790
26174
1599
34369
1603
26179
34371
9806
17998
1616
1619
1622
34394
1627
18011
9821
34397
9822
34398
9823
18015
26207
18016
34401
9827
34404
18021
34407
18024
26219
26220
1647
26227
1653
18039
1657
34427
34428
18045
9858
9859
1670
9863
18059
1677
34446
1680
18066
18067
26260
18071
26266
1692
9886
26271
18084
9896
18088
26280
18089
9899
34478
9906
1716
9908
26292
18102
34487
1721
26298
18109
26303
26305
34498
9923
9926
1736
9928
9930
26315
26316
9936
18129
9939
1749
9941
9945
9947
34525
1759
26335
18151
26344
34536
26345
9963
26348
18160
9971
26355
9972
18164
1782
26360
34552
18174
26366
34558
9984
18178
1795
9987
34564
18182
1801
1803
10000
10002
34582
26394
34586
26395
34593
10023
1832
10026
34603
10028
26415
18224
34609
10036
1845
1848
1851
34620
26430
26431
26435
34628
26437
34630
1866
10063
1876
1884
18269
10078
10082
26467
34663
18281
1900
34669
26478
34672
10098
10101
26485
34684
18304
10113
34689
34691
34694
26503
1928
10122
34699
10127
18320
18321
26513
34707
26517
26519
26520
26522
34714
34715
34716
26525
18334
1952
26529
34723
34726
34731
1966
18351
34736
18354
34739
18356
1973
1975
10167
18359
18360
1978
10171
1981
1983
10176
18372
34756
34761
1994
10186
1995
34764
34768
18385
26579
2008
2009
26585
10204
26588
10205
34781
10207
18400
10209
2018
18402
34787
18405
26597
26600
10218
18410
2029
18417
34801
18418
10227
18420
26612
26613
34805
34806
2040
34808
10234
26618
26619
10238
34814
18431
26624
2051
18437
26629
10247
2057
10249
34826
18444
26636
2062
34830
26639
18449
18453
18454
2072
18458
10268
2079
10274
34850
2084
34852
18471
26663
34855
18473
18474
10283
18476
34860
2094
26673
2099
2100
10292
10298
18490
34874
26683
2110
2113
26690
2119
10311
34890
10316
18508
18513
26705
18516
18517
26720
26722
34914
2148
10340
26727
18536
10345
26729
2156
10348
2158
2160
10354
2167
26743
2171
34941
2175
34943
18562
26756
18567
34952
10377
18569
26762
18572
2189
34957
18578
2195
34964
2197
2202
2203
18587
18588
26780
2205
18590
2209
26786
2211
18595
26787
26789
2216
34984
18601
18603
34992
2225
10417
26801
26802
10421
2231
2233
2235
26811
26812
10429
18621
2240
26816
10434
35011
26821
26822
2247
35016
18635
35020
2254
35022
10453
10455
35035
35036
10461
26848
35048
18665
2282
18667
18670
18671
18672
10481
18674
2294
10486
35062
18679
35064
10489
35068
10493
35071
2305
35075
2308
26886
35080
2314
18701
2320
26899
26900
2326
10519
26903
35095
10520
26906
35098
2332
10524
2333
35106
35118
2351
10544
18737
2355
18740
35125
26934
18746
10555
26942
26943
10560
2370
18754
18756
26949
10567
10568
26955
10572
18764
10573
18766
35151
2385
35155
10581
35157
35159
10587
26972
2399
26976
35168
10593
26979
35171
18788
35182
18800
2419
2422
10617
27001
2427
10621
18813
35197
35199
2433
2434
18818
27010
10627
2436
2437
35209
18828
10638
2447
10642
18834
35219
35220
18838
27030
27032
10649
35226
27035
2460
10655
35232
10659
27045
10662
10665
10669
10671
27055
10673
10674
35250
18867
35253
18870
27062
27064
18873
27066
2492
35262
18879
18881
2498
10693
27079
2504
35274
18892
27084
18894
10708
27092
2518
10710
27094
18905
27098
27099
10718
35294
10719
10722
35300
18917
27109
18919
10728
27114
2541
10735
10737
27121
35313
35316
18933
2550
10744
18937
2556
18942
2562
35331
18951
35337
2570
10762
27146
10764
18957
35342
2577
2578
35348
10774
10775
27160
10780
10782
2591
2595
10789
10790
18983
10792
35368
27177
10794
35375
27184
27187
10813
10815
10817
19009
35399
35402
2635
10827
19022
2640
19024
35414
2647
10839
2648
35421
2654
2658
10854
19047
19048
27240
19051
27246
10867
19059
10869
27254
2683
2684
27261
10879
19076
10885
2698
35470
35473
10901
35477
2710
2712
10904
35481
2715
19100
10910
2723
10916
27300
2726
27302
35494
27303
27306
2732
10924
35500
35501
35502
2736
19122
2740
2741
19125
27323
10942
19134
35522
27331
27332
10949
27333
27334
35526
2761
19145
35530
2767
35536
10962
2774
2778
27355
10973
27358
2786
2788
2792
10984
27368
10985
27369
2794
2801
19185
35569
10995
27380
2805
2808
27384
35578
35579
19196
2814
11006
19198
35583
11017
19212
27405
19214
19215
11024
27409
19219
27411
19222
35607
19224
27419
35611
2845
11037
11039
2849
11044
35620
2854
11046
2855
27431
19241
27436
35628
19246
35638
2874
27450
2875
11067
2876
11069
11071
19267
2885
19272
35658
2892
19277
11086
27470
19279
35664
27474
35671
35675
2909
2912
2913
11111
11112
27497
2926
11120
19312
11121
19313
35697
27507
19318
27510
2935
35704
11129
11131
35708
35710
27519
2944
27520
19329
2946
35716
35720
27529
2956
11150
19343
2960
2962
35731
2964
27544
35738
11163
2973
27550
27556
11173
19365
35750
27560
35754
27564
35758
35759
2995
11187
2997
11191
11192
3003
27580
3011
27587
11206
27592
11211
11212
19404
3022
3023
27599
27606
3031
19415
11224
27608
11225
3035
3036
11229
3038
27614
19423
11233
27618
3043
3044
19428
3046
27622
3047
3050
27627
27630
3060
19445
3063
19448
35832
27642
3067
19451
35835
19457
35841
3076
19461
11271
27656
11274
35850
35853
19471
3088
19474
35858
35861
19478
35864
27673
11290
11293
35871
35876
11305
3116
11312
19510
11325
27710
3135
19519
19524
11336
27723
27724
3149
11342
19536
3154
11346
19547
19548
35932
11358
27742
19551
27743
19555
27747
27748
35943
3177
27753
35949
35951
3184
35952
11377
19572
19573
19574
35962
27775
3201
27778
27780
3208
19594
27786
19595
3212
11405
19599
27793
35985
3218
27794
11411
11412
3222
27800
11418
35995
11422
35998
36000
11425
36002
27814
11431
27816
3241
19625
19626
19628
19630
19632
36018
11444
11445
36021
11448
36024
27835
3261
11454
36030
11455
19650
3270
19654
19656
36041
36042
27852
36045
19662
27854
36046
27859
3287
27864
11482
19674
27870
11490
27875
11494
11497
3306
27882
36075
3308
3309
27885
36081
27891
3318
36086
36088
27897
3327
11520
3336
27912
36106
3339
27915
27916
3342
11534
3344
36116
3349
27925
19735
27929
3357
36127
19745
19747
11556
19749
27941
19751
27946
11563
19758
3376
19761
36145
11570
36146
19763
3381
27958
19769
36153
19770
27962
11579
19772
19775
36160
27969
19779
3398
11594
27978
19789
27983
19792
27985
27986
3417
19802
3420
11612
36189
27998
11618
36194
28004
19813
36198
36200
28011
3444
19830
11641
3451
3453
3454
28031
3457
28034
19843
36228
3462
11655
36231
19848
11657
36233
3469
3470
11662
36239
11664
11665
28049
3474
19858
19859
11668
19865
36251
11677
3488
19872
36256
11682
28071
11688
11692
11693
19885
19887
3504
3506
19891
28086
36280
28091
3517
36285
3519
11713
28107
36300
19917
11731
28117
19927
19928
28124
36316
19934
11743
19935
36319
19941
28136
28140
28143
11760
28144
3570
28147
11766
28150
36344
28153
11771
36347
19964
28168
19979
3596
11793
28178
3603
11796
28181
3606
19990
28182
36377
11802
3611
36379
11804
36382
28193
36385
28195
11813
20005
11815
36399
11828
28215
28219
36419
3652
20042
3659
11851
20043
28238
11855
28239
3664
20051
11861
36437
11862
28246
28249
11867
3676
36445
11872
20064
3681
11880
28264
20073
3693
36463
20083
36467
36469
11894
20086
20088
36472
3706
20091
36475
36476
20093
28288
20097
28289
3714
11908
20100
20104
36488
3721
11913
28301
11918
20111
36495
3728
36499
11925
20117
3736
11933
36509
3742
36510
28319
28320
36514
20132
11942
36518
3754
11946
28330
11947
36523
36525
20142
36526
11954
20147
3766
36536
11961
20153
20155
20157
36541
3776
28353
11970
36547
36553
3786
28362
3787
36555
11980
20176
28368
11987
11988
36564
28374
36566
11994
11996
11997
28384
20193
36577
3810
3811
12005
28389
36583
28393
28394
28396
36588
28401
20210
20212
36600
12025
12026
3837
28418
36610
36613
20230
36615
28424
36616
36617
20234
28426
3851
3857
28434
3860
12054
20247
12056
36632
28441
12059
28444
20256
36641
36642
36647
3880
3882
12075
3887
36655
28466
3893
28470
36662
36664
12089
28474
36666
36668
20287
3906
3908
28487
3913
3920
28497
3922
3923
36691
20309
20315
36701
28510
12128
3937
36706
20324
20326
3944
12136
3945
28523
20332
36716
3949
28525
28531
12149
3961
36729
3962
12154
12156
12158
20351
3968
28544
12161
36739
28550
36745
12171
28556
3981
3986
36758
20375
12184
28571
12188
3998
12190
28574
20384
20386
20388
12198
28584
36776
4010
12202
4011
12203
28588
12206
20398
20400
12212
36788
20406
20413
28607
20418
28610
20419
12228
36804
28613
4040
36809
12235
4044
36813
12238
28625
36820
28634
12254
36831
20448
36833
36837
4070
12262
4071
12264
4073
4075
28652
12270
28655
28659
12277
12280
28665
12286
28670
28676
20485
36869
28678
4103
12296
12297
12298
12300
28687
4112
20496
12305
4117
12311
4126
36896
28705
12330
36909
28718
4145
20529
4147
36915
28724
4149
20533
28726
4152
20538
20539
28734
4161
36931
12358
12362
12367
12368
4182
36950
20568
36954
20574
20575
28767
12385
36961
28774
12392
20584
28776
4202
12394
20586
12400
28786
12403
4215
28792
28793
28796
36989
12414
28798
12420
20618
37002
12427
12433
4242
20627
28822
12443
4253
4256
28832
12449
12450
28834
20644
28837
37029
12454
37031
37032
12459
28843
4269
4270
12463
12466
28851
4276
12472
20664
28857
4282
4283
12477
20669
28863
20672
37057
37059
12484
12487
20679
4296
28876
28877
4302
20686
28882
12499
12502
12503
37083
12509
12511
12514
12515
28899
37091
20708
28900
37092
4327
12519
28903
4328
28904
4329
20713
28907
12526
20718
28911
12530
37106
12532
4341
12533
20726
37111
37114
4350
4358
12550
28935
12552
4362
12555
20748
12558
4370
4371
28949
12567
37144
28953
20762
28958
37155
28966
4397
20781
4399
37167
37168
28977
28978
20787
37171
37172
37173
12598
4407
28983
12602
20798
12607
20799
37183
28994
28995
12612
20805
12617
4428
4429
20814
4432
37200
20817
4434
4438
29014
12633
29017
12636
20828
12637
37213
4454
12646
4455
20839
20841
29033
20842
29037
12658
20852
29044
37236
4469
29046
37238
4471
12663
12664
29052
29053
4478
20863
20865
37250
29063
29067
12684
29068
12685
12688
37264
12689
29075
37272
37274
4509
20893
29085
20894
4514
37283
12711
4520
20904
4521
4523
4525
4527
29106
37298
29108
29109
12726
20919
37303
4537
20928
20929
4549
29125
20934
37320
4555
12747
37323
37327
4565
12758
20954
29146
37338
20958
4575
29152
4579
20963
20964
20969
37354
4591
20975
4593
12785
12788
20981
20982
29174
12792
37368
37372
29185
20994
4612
29191
12810
37386
21008
29201
37394
12819
37395
29205
37402
4635
4637
29213
29217
37411
21028
29220
21030
37416
12842
4652
12848
37425
21042
29234
37427
12853
29240
12857
4667
12860
12861
29245
29246
12864
21061
4678
12871
12872
29259
37451
37452
29262
12880
29266
4691
37459
4692
21076
21078
37463
4699
4704
37472
12897
29282
37474
4708
29287
37479
4712
12906
37482
29292
21102
12911
12912
21104
12913
21107
37492
37493
4726
29306
21119
4738
29314
29320
21135
37519
12946
12947
37524
12949
29333
21145
12957
37533
4766
12958
12964
21156
21158
12968
29352
4777
29356
37548
29357
21168
4785
37553
4787
37555
21175
12987
21180
37564
12989
29375
21184
12995
12996
21188
12997
21189
37573
29385
29386
4811
37584
21202
29394
4819
4820
21206
21208
4825
4826
13018
4828
37597
4831
29410
29411
37606
29416
37609
4842
37610
29421
21230
4847
29424
21237
29430
29433
21242
4859
37627
21248
37633
13059
29443
29444
13062
4871
21260
4877
29457
4883
21270
21272
37657
4895
13088
4898
13091
21283
37669
4903
13095
13099
13101
21293
21295
4914
37685
21306
37694
13123
29507
37699
13125
29513
13134
29520
21331
4951
21337
37721
29530
13147
29531
4956
4957
4958
29535
29540
4965
29543
37735
21352
4974
29552
29553
4980
37751
37752
4986
21370
13179
13180
37758
4991
37759
4992
13184
37761
21380
21381
13191
5000
37769
29578
37770
21390
21391
13200
21393
29587
13205
29590
37784
5019
29595
13212
5021
21406
5023
37794
29603
37795
37796
21414
37798
21416
37800
5034
37802
37803
13228
29612
37805
5039
13232
5042
13235
37812
21429
29623
21435
37819
5052
29629
29631
5057
13249
21442
37828
13253
13259
5070
13263
13264
37842
21459
21460
37844
13269
37846
13273
37849
5082
13274
5085
21470
37855
29665
29669
21479
37866
13292
29676
29677
13296
37872
13298
5107
29683
29684
21494
29686
13303
5112
21496
13305
21498
37883
37884
37886
13312
29696
37890
5124
5125
13317
13318
29702
29703
13320
21512
13325
13326
5137
37906
5139
13331
29715
29716
5141
5148
21532
37918
21535
37920
13348
37926
13351
21548
29741
13358
13359
29745
5170
5173
29749
13366
21561
37945
37946
21564
21567
5190
37965
5198
21583
37967
37968
21585
29778
37981
21599
5216
29792
37984
37988
5221
29798
29799
21608
21609
29803
13421
29805
13422
29811
5237
29813
38006
21624
21626
38010
21627
13439
29823
29826
38018
13444
21636
13445
29832
29836
38030
5264
21649
13458
29842
38034
21659
13470
21662
38049
29861
21671
5296
29873
21682
29875
29876
21688
29881
21691
13502
38082
5315
13508
38090
5323
29900
29903
13520
38096
13521
5333
21717
21722
21724
29917
29920
13537
38116
13550
21744
38128
21745
21746
5365
29942
21754
13565
13566
29955
29956
29957
5383
38152
13577
5387
29963
38155
5388
38161
38162
13587
13588
5397
29974
13596
5407
21791
13603
5415
5417
38185
21804
5421
13617
5426
13621
5431
13628
21822
5439
30017
5444
30024
13641
13643
13645
13646
5456
13648
13650
13653
5462
13657
13658
13659
21851
21853
21854
30047
30049
21859
30051
21860
21864
30056
21866
30058
13677
30063
13680
21872
30067
30072
13691
21884
30078
5506
13699
21893
30085
30090
21900
21902
21906
13716
5527
21915
5533
13727
21919
30112
13737
21931
30129
13749
30135
30136
13756
30141
13758
30142
5571
30147
21960
13769
5578
5582
21967
30159
21973
5591
30170
5596
21980
30186
5611
21995
21996
13807
5618
22007
30200
5627
13825
13830
5639
22024
13834
30224
13842
22034
13844
13848
22042
22045
22047
13858
5667
22053
30246
22057
22059
22060
13869
22061
22063
5681
30257
5683
22071
13883
22076
5694
30274
30277
5702
30279
13896
13901
5712
5713
13908
13911
22103
22104
5722
5723
5725
30303
22112
30304
30309
30310
5739
30318
30322
5747
13939
5748
13941
13943
22136
22139
5756
13949
30334
30335
22144
13953
13955
13956
22149
22150
5767
30343
5771
22157
5774
13967
5777
30355
22164
22167
22168
5786
13978
22170
30365
5791
30368
30369
30370
5795
13987
13993
13998
14002
22198
30390
14018
30403
22214
30408
22217
5834
14028
22222
30419
5844
5846
14038
14040
30425
14043
22237
5856
14052
22244
30438
22249
30441
5866
22257
5876
14069
22263
14074
5884
14076
22272
22273
14085
5898
22282
14093
22286
30478
5911
5912
14105
14106
22300
30493
22307
22309
30507
30516
14137
5947
22331
14140
22333
30530
5957
14149
30533
22350
14161
22357
5974
14167
22364
5983
14175
22367
22375
30568
22379
30572
22384
22386
30579
22391
30583
22392
14201
6011
14213
14215
22407
30602
6030
14222
22415
14226
22419
30611
30626
6053
14246
22439
14248
30637
6065
6066
14258
30643
6068
14260
22452
6070
14267
22460
30652
6077
30656
14274
14277
30661
22472
6091
22478
14289
30673
6098
14291
22484
14295
14298
6109
14301
6113
30689
22498
22501
30693
30705
22517
30709
14327
22520
22521
6139
22524
6142
30719
14337
30722
14339
6150
6151
30730
14348
30738
6164
22554
22558
30752
6177
14369
22561
30755
14372
30764
6189
6193
22578
6196
14392
14398
6207
22591
14404
22598
30790
30792
6219
6224
6225
14419
22613
14422
14423
30812
14433
30821
14440
6251
6255
30834
6260
22646
22654
6273
30850
22660
14473
14475
22673
14482
22675
14485
22677
22678
6301
22685
14494
30879
14496
30881
22692
14501
6313
14506
22700
6317
22701
14510
14516
14518
22713
14522
30907
6333
14528
30914
14533
30917
14535
14536
14541
6351
22736
6353
30932
22741
30934
14552
6361
6362
30939
14556
30940
6366
30944
14562
14564
22756
14566
6375
30951
6376
14571
22763
6381
14577
22771
6389
6390
14586
14598
6407
30983
22792
6410
6412
6414
14606
30990
6415
22799
6417
30993
30996
14613
22805
14614
31002
14620
6434
22818
6435
14628
22821
22824
31020
14638
22831
6448
31024
6449
14641
31026
14645
14647
31031
6456
6458
14650
31034
14651
31035
14652
22846
22854
6471
14663
14668
14669
22865
31058
6487
6488
6489
22873
31065
6496
31073
6500
31076
31077
22887
22893
22894
22896
31088
6518
14714
31100
14720
22912
6531
6532
6543
31119
22928
14737
14739
14744
22943
31135
14755
31140
14762
22955
6573
22957
14771
6582
31160
22969
6586
22973
22974
22975
22977
6594
14786
22979
22987
22988
14799
31186
22996
31188
6614
31192
31195
6620
14813
23007
6626
6629
31207
6634
23023
31216
6641
6647
14842
23035
31234
31237
31241
14860
14862
14865
23057
6682
6685
31261
6686
23079
6701
14896
31284
14902
31288
6713
23099
14909
23101
31294
31295
6720
31301
6726
6730
23125
6743
23130
31322
6748
31324
6749
6750
31326
23135
6752
31328
14950
14951
31335
6760
31336
6762
31340
23149
14961
23155
23156
6781
14973
14975
23169
31362
6787
14979
6788
23172
23174
31366
14983
31367
6794
31370
31373
31376
14998
6807
6810
23195
6814
6815
23199
23200
6819
15011
6826
15018
6829
6832
15025
31410
15029
31415
6841
6842
15034
6851
15043
15044
23236
31430
15048
15049
15051
23250
6867
15061
31446
31452
6877
31453
6878
15071
23264
31459
6885
31461
6891
31467
31469
31471
31475
23287
31479
23291
15100
31485
15102
15103
31487
31489
23302
6924
23309
6930
23316
15126
15133
23329
23330
23331
23334
15145
23337
31531
6956
23343
15152
15153
31537
15160
23353
31545
6970
31547
23358
31550
31551
6977
23361
15171
6982
15178
6989
23374
15184
15185
15186
23378
23379
31577
15194
23390
31582
23392
15212
15214
7023
7028
7030
23416
31611
31618
7047
15239
7051
7054
7055
31631
23441
7060
7063
15256
7066
7069
15261
23456
7073
7075
15269
7080
7084
31662
15280
31665
15284
31669
31674
7100
23485
23487
7106
23490
31685
15303
31687
31688
7113
7115
31691
31692
7118
23502
7122
7123
31701
15322
31707
15327
23519
7138
23522
7139
15331
31717
15335
15336
23528
7148
7152
15344
7154
15349
31734
15351
15352
31739
7164
23548
23549
23554
23557
31752
7177
7179
31755
31756
31760
15379
31766
23579
7198
31775
31776
31777
7203
23587
23589
31781
15401
23594
7211
15403
23599
23600
31793
7218
15410
31794
15416
31800
15420
31807
7233
7234
15426
23618
7237
15431
23627
7249
23638
31831
15448
23642
31834
7259
15452
7261
23650
15459
7271
23655
23657
15467
31852
15469
23661
7279
23664
7282
31858
23667
31860
23670
15481
15482
31868
23681
15493
31880
7305
23694
7313
7318
15513
31898
23710
15519
31904
23715
31912
31914
7340
15533
15537
7347
15539
31924
15541
15542
15545
15547
31934
15551
23743
31937
7364
7366
31942
7367
23755
15564
23760
7382
15574
31959
7384
15576
7386
31963
23774
23775
15600
23792
7409
31990
15607
31992
7425
23810
23812
7429
23815
7437
32013
15635
23829
7447
15648
15651
32035
23844
32036
7463
23849
7471
7472
32052
7477
7478
7479
23865
23866
32059
15679
32064
7491
23876
7493
32069
7494
23883
7500
23887
15697
23891
23893
7510
15706
15707
32093
23902
15714
32098
7525
15718
23912
23918
15727
15730
23926
32118
23929
7546
15738
7548
15740
7554
15746
32130
32138
7563
32139
7565
32142
15766
7579
32155
23964
15778
32164
23977
7595
7601
32177
7604
32185
23997
32189
32190
15811
24004
7621
32203
32205
15822
15823
7633
32209
24018
24019
24021
15835
32219
24029
32221
32226
7651
7653
15845
15848
15850
24046
7665
15857
32241
15860
15861
32248
15865
15866
24059
32252
24069
15881
24078
15887
15894
15895
32283
32288
24097
24098
32290
15908
7724
7728
15923
24115
32309
7735
32313
32316
24127
7747
24131
32324
32329
7755
7756
7758
32334
7760
15952
24150
7770
24154
32348
32349
7774
24159
7777
15970
32354
7779
24163
24167
7784
7788
32364
32366
7793
15990
24182
32374
15992
32378
7803
15995
32382
7810
24195
32391
32398
16015
32399
24208
7826
7827
24211
7828
7831
16023
32411
16028
24220
24221
7838
16030
24222
32414
7840
16032
16033
7843
32423
24234
16044
32428
24237
7855
16049
32433
7858
16050
16052
16057
7869
24258
32450
7876
32452
16069
7879
7880
24267
7884
16076
7887
24271
16080
24272
16085
7898
24282
32474
24285
24287
7913
32490
32492
24306
16116
24308
24309
24311
32503
24314
7933
32509
32510
32511
32517
24326
32518
16135
7946
16138
32523
24334
7951
7952
7955
16152
24344
7961
24348
32540
16159
7968
7970
16164
7975
32552
7977
24365
7982
24367
24370
7988
24384
8002
8004
8005
16197
16198
16201
32586
8012
32588
24400
32595
16213
16214
8025
32601
8026
16220
24414
8035
32614
24424
16235
8044
24428
24430
16242
24434
16248
8058
24444
32638
8070
32646
24456
32648
16265
8075
8076
32653
32661
24473
32667
16286
24480
24482
32674
16292
32676
32677
24496
8117
24507
16316
24509
32701
16323
24516
32708
8133
16325
24517
16331
24526
32720
24529
32728
16346
24539
24542
24544
24545
8162
32738
32742
24551
32747
32749
8176
32754
32755
16375
24568
32762
24573
8191
6
448
1
302
478
175
383
