430
1025
2
1026
3
5
8
2056
9
1035
2060
13
1040
2066
21
2069
22
26
1050
1055
2079
1056
33
2081
1060
1064
2089
2091
1069
49
1075
1080
1084
2112
2118
71
2120
2122
75
1105
2129
82
1106
2130
86
2134
88
2136
89
2142
2144
97
2145
100
2149
1126
2150
104
2156
1137
118
2168
2169
123
1147
2171
1150
1151
1152
1153
130
1160
140
1165
2189
142
1169
2193
148
1176
154
1180
2204
157
159
1183
162
1186
1188
165
1190
2217
1195
2220
2225
2226
1203
2231
184
185
189
1213
2239
194
2243
204
1228
205
206
2255
208
1233
2259
2262
215
216
1240
1241
2267
2269
1248
225
1250
1251
228
2276
1253
1256
233
2282
1260
2286
241
2292
2293
248
1272
2297
253
254
2303
1280
2304
257
1281
1285
263
267
1291
1292
2316
2317
270
1294
2319
1296
274
1300
2324
1301
2327
2334
289
293
2341
2343
297
298
1322
2346
2347
304
308
2358
2362
316
319
1344
2368
1345
1346
2371
1349
329
1353
2377
331
2379
1359
337
340
1366
1370
2394
1371
2396
349
353
355
1379
356
358
1382
2407
2409
362
369
2417
370
1395
372
2422
375
2423
2431
1409
1410
2435
2438
1416
393
2443
2446
1426
404
409
412
1436
419
1449
429
1453
1454
431
433
1458
1464
1465
1466
443
1467
445
447
1472
450
453
456
458
459
460
463
468
469
1493
472
1496
1498
480
481
503
1528
1529
1534
1537
518
523
1552
1554
531
1555
538
1564
543
1568
1570
1571
548
1574
558
559
1583
561
570
1595
1599
1606
1611
1614
597
1637
614
1643
624
625
1657
634
1660
638
1664
1665
642
1670
1673
1674
651
1676
1680
657
658
1683
1685
664
666
667
668
672
679
681
1706
1710
689
1716
1720
697
704
707
1731
711
713
1741
1742
1744
727
1754
733
1759
741
742
743
1773
751
1781
1784
763
766
770
1798
1799
776
777
1805
782
1807
784
785
1810
1814
1818
795
801
802
1827
804
1829
806
808
814
1843
1845
1847
1849
1850
1856
836
1864
842
849
1877
858
862
869
871
1899
876
1902
883
1910
887
1913
890
1915
1917
896
1928
911
1935
916
1944
1950
934
1960
1965
943
1970
1974
1975
1976
1977
954
1986
1989
966
1993
972
973
975
976
980
2011
988
2014
993
2018
1003
1004
1005
2033
2034
2035
2038
2047
18
96
161
34
101
6
8
138
107
143
48
112
18
19
53
86
58
122
59
