7622
16386
16392
32777
10
16394
16395
32782
18
32787
32788
32789
22
24
16408
16409
32795
32796
32798
35
16421
16423
41
43
32811
32812
49
16433
50
16434
16437
32821
16440
16441
32826
32829
16447
16448
16453
71
72
32842
32845
32846
32848
83
32852
16471
90
16476
16477
94
16479
96
98
32866
99
32867
101
16491
16494
16495
112
32880
32883
16500
16502
16503
120
121
32890
16507
129
16515
32900
32902
16522
16524
141
16527
32912
145
32914
147
16534
153
32923
32928
16546
32931
164
32933
32938
172
32940
175
177
178
32947
32949
184
32958
16575
32963
32964
198
200
16584
201
202
16586
32971
204
205
207
16591
210
214
16598
215
32983
218
219
32988
221
32992
225
226
16612
32999
235
236
33005
241
33009
33013
16631
33018
16636
253
16637
254
255
16639
16640
16642
33027
261
16646
263
16647
16650
33034
16651
16652
33036
269
16653
33038
33039
16656
33040
33041
16660
33046
16663
33049
283
33052
16669
16670
33060
294
16680
33064
297
16681
298
300
16684
33068
16685
33069
33070
303
33073
306
16690
16695
312
16701
322
16706
33090
16710
327
33095
329
33098
16717
33101
33103
16721
33106
33111
16728
33116
16733
350
33120
16737
16741
33125
358
362
33132
366
33134
369
33137
370
375
379
16763
33148
16771
33155
389
16779
33163
396
16780
16781
402
16788
33173
33175
33178
412
16797
16803
422
425
426
427
428
33196
430
431
33201
436
16820
440
16827
16831
16834
16839
456
33226
33228
462
16848
33234
33235
468
471
16855
33241
475
478
480
33249
483
16867
33252
486
16870
33255
33259
493
16879
33263
16884
16889
511
16896
514
517
16901
521
33294
16912
16916
33300
33301
541
542
543
16929
16932
33317
33318
16939
556
558
16942
33326
563
565
33333
33334
568
33337
16956
33343
577
33347
586
33354
33356
16973
592
16977
33363
33365
16983
601
33370
16987
604
605
33375
610
17000
620
33388
622
17007
17010
17014
632
33400
634
33403
33404
33405
641
643
33411
17028
646
33414
648
17033
33419
33420
33421
33422
17039
33423
17043
33429
17049
33433
33434
17052
669
33438
675
33445
17062
679
17069
17070
688
689
692
17076
33461
33464
699
702
703
17087
17088
17089
33473
33474
17091
33476
33477
33479
17097
714
17099
726
33494
33495
33496
729
33497
17114
731
732
737
742
33512
33513
17132
17135
753
760
763
33531
766
769
770
17154
17155
775
17159
17162
33546
33549
782
33550
784
785
17175
33559
798
33566
33567
33568
17186
33572
33577
17194
33582
817
33585
33592
17209
33593
831
17217
840
17227
850
33620
33622
855
33623
856
33624
17242
33628
33630
17247
33633
33634
17251
33635
868
17252
17257
878
880
33648
882
17266
33650
883
885
887
890
17275
892
17277
33661
17281
898
17286
33670
904
33673
33674
17291
17295
17296
914
919
33689
923
17307
33691
17312
33697
33699
33700
17322
33707
17325
17326
943
944
33712
945
33713
17339
33723
33724
33726
17344
961
964
17348
33735
33738
17357
17358
977
33745
17362
979
33752
992
17377
33761
17379
33764
997
17381
1000
17389
17390
33774
17391
33776
17396
33782
17399
33787
1020
33789
1023
17408
17409
17411
1028
1031
33801
17422
17428
33816
1053
33821
17438
33822
1057
17441
17447
1066
17453
33840
17460
17461
33845
1079
1082
17466
1085
17469
1088
17472
33859
1100
1108
1110
33879
17496
1113
1116
1121
1123
17507
33892
1128
17518
33903
1141
33909
1145
33913
17533
33917
17536
1154
17548
1166
1167
1169
33941
1182
17567
17568
17569
1198
33967
1200
33969
1203
1207
1215
17601
1218
1225
1227
1229
17614
17617
34001
17620
1239
1240
1243
34012
34013
17632
1249
34017
34020
17638
17642
1259
34027
17648
1265
1268
34036
1278
34048
34051
34055
17674
34060
34066
17683
1302
34073
34075
1310
17694
1311
17695
17696
1315
34083
1318
34086
17707
1326
1328
34099
1332
17718
34110
1343
17727
17731
1350
34119
34120
34126
17747
1364
34133
1367
1374
1375
1376
1383
34152
17770
34154
34155
17772
34156
17774
1398
17783
17786
1405
1406
17790
17791
1408
17792
1412
17796
34182
34183
1421
1422
17806
34192
17809
34193
34202
1440
34208
17827
17828
17830
34216
1455
17840
34225
17843
1462
17846
34230
17848
34234
17851
17852
34236
17854
34240
17857
1474
17859
34245
17863
34248
1481
1483
1485
1492
17878
17879
34264
1499
34267
17884
1501
17885
34270
1503
17891
34275
1508
17892
34277
17896
1515
17899
1516
1520
17906
34290
1523
17907
17908
17910
34301
34304
1540
17926
34317
1551
1552
1555
1556
1557
34325
34326
1559
17944
1562
1565
34333
34334
1571
1572
17956
17957
17958
34342
1575
34349
17966
17967
1586
1590
34358
1591
34359
17977
34361
17978
17979
34366
17986
34373
1608
1610
34378
17995
34379
1612
1614
34382
34383
34386
34387
34388
18007
18011
18016
34400
1633
1636
1638
18022
34408
34410
34412
18030
34415
18032
34418
18036
18037
18041
34426
1659
34427
1660
1662
18046
34430
34433
34434
1667
34438
18055
34440
18064
18065
34449
18066
18069
1686
1687
18073
1690
1691
1693
18078
18081
18082
34471
18091
34475
34476
1712
1713
1715
34484
18101
34486
34487
18104
34489
1724
34492
1727
18117
1734
1736
18120
1737
18121
34505
18123
18124
18125
18126
1745
34514
18131
34515
34517
18135
18137
18140
1758
1759
18148
34533
1766
34534
18151
1769
34537
18154
1775
18160
34545
1780
1781
34551
18169
34555
34556
34557
1792
18176
18181
18182
1799
18183
1801
18185
18188
34576
34577
1810
34579
1816
18203
34588
34591
1827
34595
1829
1830
18214
1831
1832
34600
18218
34603
18220
1837
18221
34605
18223
18224
34608
1842
34611
34612
18232
1851
34621
18238
34623
1856
18244
34628
1861
34631
18253
18255
34641
34648
34650
1884
18268
34652
1886
18271
18272
18273
34657
34663
1899
34667
18286
34670
18290
34678
18295
34679
34682
1916
18301
34685
18303
18306
34690
34692
18310
34696
34697
18314
1931
18317
34702
34705
1939
18324
18328
1945
18330
1950
34718
1953
18338
34722
34726
34732
18352
18353
34737
1971
1972
34742
18359
1976
34744
18362
18363
18364
1983
18369
18373
18374
18375
1994
18378
1995
18379
34763
1996
34764
34766
2001
2003
18388
18389
34773
34780
34781
18401
2018
2019
34789
18406
2027
18412
34796
2031
18415
34801
34804
2039
34809
2042
18426
34811
34815
2049
2051
34819
34820
34821
2057
34827
2061
34829
18449
34835
2068
18452
34837
2072
34842
18461
34846
18464
34848
34853
18471
34858
34859
18476
2094
2095
18479
18482
2100
2105
18492
34877
2110
34878
34880
34881
34882
34883
18500
18503
18504
18507
34892
2126
2128
18514
2136
18522
2139
2143
2147
34915
34926
18543
18544
2163
34932
34934
34935
34936
2169
2170
2172
34941
18558
2175
34943
34945
34948
34950
34956
2189
2190
2191
2192
2193
18577
2194
18581
18587
2207
34975
34978
2211
34979
34980
34986
34987
2220
18605
18609
2230
18616
35000
35001
2235
18621
2241
2242
18626
18628
2245
2246
35015
2249
18634
2255
18640
35026
35036
18653
35037
18655
2272
35040
18658
18661
35049
18666
18667
18670
2290
2292
2295
2296
18683
18686
2308
35076
18693
35077
18694
2312
18696
18699
35083
18701
35087
18705
2323
18709
35095
35098
35103
2346
35114
18732
18734
35119
2354
18739
35125
2360
2363
35131
2365
18751
2369
18756
18758
35144
2378
18762
35148
2382
18767
35153
18770
35158
2395
18779
35165
18784
35168
2408
18793
35179
2412
18797
18798
2415
35183
35186
2420
35188
35190
18810
18812
18814
2432
18816
18818
35202
2435
35209
2443
18827
18828
2447
18835
35220
2461
2463
35231
18848
2465
35233
2466
2469
35237
18857
2475
2476
35244
2478
35246
18865
18869
18872
2489
18875
35261
18879
2496
18882
2499
18883
35268
2503
18888
35272
18889
35273
18890
18894
35280
35282
35283
2517
2518
2522
35290
18907
35292
2528
18912
2529
18913
2531
18916
18918
35302
2535
35306
35307
2542
2543
2544
35313
2546
18932
18937
35327
2561
35335
35336
18953
35343
2578
18963
2584
35353
2594
35363
35365
35366
35367
2600
18988
18993
35381
2614
2622
35392
35393
35394
2631
19016
35402
19019
35404
2639
19023
19026
35412
2645
35417
2651
19040
35432
35433
35435
19054
35439
19056
35441
35444
35447
2680
35449
2684
2689
2692
19076
19079
19082
35468
2703
19088
35475
2710
2711
35487
35488
2723
35491
35493
19110
19114
19116
19119
2737
35505
19122
35506
2740
35509
2742
19126
2743
19127
2750
2757
35525
2758
35526
19145
2764
35533
2771
19156
19159
19160
2777
35545
2780
19166
35552
19170
35557
35558
2791
35562
2797
19182
35569
2802
35572
35574
2807
2813
35582
19199
35583
2818
2819
35589
2822
2825
35595
2828
35597
2831
19215
2835
2836
2837
2838
19223
2841
35611
2845
19230
35615
2848
2850
2855
35625
19242
19245
19246
2864
35634
19260
35644
35645
2878
35647
2880
19265
35651
2886
2888
35661
2895
19279
2896
2904
35672
19289
2911
19298
19299
19301
2919
35687
35688
19305
19306
35691
19309
35696
19314
35700
35701
2938
35706
35708
19327
35711
2944
2945
35713
2954
19339
35723
2956
19342
35726
35728
2963
35731
19349
2966
19351
2969
35742
2978
19362
2979
2980
35749
35752
19369
35759
2992
19376
2995
35765
19382
35766
2999
19385
3002
19387
35771
35772
35774
3007
19391
35775
19392
35776
3011
19398
35782
19401
35785
3019
19407
35791
19411
3029
19413
3030
35800
3042
19427
19428
19429
35814
35815
19432
3049
35817
35818
19441
19442
35826
3061
19448
19449
35839
35840
19458
3078
35847
19465
35849
35853
35854
35857
19474
3095
35863
3097
19484
3101
3104
3109
35877
3110
35880
35881
3119
19503
3123
19508
3127
3128
19513
35898
3134
3135
19519
35904
3137
3138
35911
35913
3148
3149
19533
35919
3152
35920
19540
35924
3158
35926
3161
35930
3163
35933
19551
35935
3170
35938
35943
35944
3180
19567
35952
19572
3189
35958
19579
35963
3198
19583
35968
19585
3203
35972
35975
19593
35977
3212
35981
3216
19603
3221
19606
3223
35992
35996
19616
36002
3236
36004
36008
19625
36011
3244
36012
3248
19633
36017
36019
3258
19642
36027
36034
36035
3269
19656
3273
3275
36043
3277
19662
3281
36050
36051
19670
36057
19674
36059
36062
36063
3302
19686
19688
3305
3311
36079
36081
3314
3316
36084
19701
36085
36086
3319
36087
3320
36092
3325
19712
3330
36103
3339
3340
3343
36111
3345
19730
36116
3350
3351
19736
19737
19746
36133
3368
3372
3373
19759
19762
36146
3379
36150
19768
19769
36154
36155
36158
36159
19776
36160
36163
36164
3398
19785
3403
36173
3406
3407
36178
3412
36180
19798
3419
19804
36190
19808
36194
3427
19815
3432
19817
3434
36202
3436
19822
36210
3449
36219
19836
19838
19842
19843
36227
3466
3471
36242
3476
36249
36251
19869
3486
19872
36256
36257
19877
3494
36263
3496
36265
19882
3500
36269
19888
36272
3505
19889
3508
3510
3513
3515
19899
3516
36290
3526
36294
19913
36299
36303
3537
36305
36308
3547
19933
36317
3550
36319
3552
3555
3556
19940
3557
19943
3562
19946
36330
19947
36334
36336
3572
19957
3574
3579
36347
19964
3581
19965
36349
3582
19969
3586
19970
36358
3592
36361
36363
3596
19980
19981
3598
19983
19986
36372
36375
19993
36377
3610
3612
36381
19998
19999
3617
3619
3620
20004
36392
3630
36399
20019
36408
3641
36410
36412
20029
20031
36417
20034
20041
36427
20044
36430
3663
20047
20050
36438
3673
3675
20059
36444
36446
3679
20063
36447
20064
20065
3683
20069
20073
36460
3701
36470
36473
3706
20091
20093
36479
36481
3714
3715
36483
3719
20103
20105
36491
3730
36500
20118
36502
20121
3739
20127
36511
20128
36515
20139
36526
20146
36531
20148
36532
36537
3771
20155
36541
3778
20162
36547
20168
3787
3789
3790
3794
20180
36565
3798
20182
36569
20189
3806
20190
20191
36575
20194
36578
20197
20198
36589
3823
36591
36593
36595
20212
36600
3833
36601
3834
3835
3837
3840
20224
36608
36610
3844
20229
20230
36614
3847
20238
36625
20242
20243
3861
3863
3864
36635
3869
3870
3872
36641
3875
20259
36643
36644
3877
20261
36658
3891
3896
3900
36668
36669
20288
36676
36678
3911
36681
36682
20300
36684
20308
36693
36696
3930
36698
20317
3936
36706
3944
36712
3949
3951
20336
36720
20337
20339
36724
3957
20341
20342
3961
36729
20348
3965
20350
20360
3979
36747
3980
3984
20370
36754
36755
3988
36756
36759
36771
4004
36772
4008
36779
4013
4019
36788
4023
36794
20411
20412
4029
20414
4031
20415
4032
20419
36804
4043
20428
20430
4047
20433
4051
20435
4052
36820
36822
4056
36828
20445
36830
4064
4065
36834
36835
36836
4072
4073
36842
4075
4076
20462
36846
4079
4080
20466
4083
36851
4085
20475
20476
36863
4096
20481
36867
20484
36868
36872
4111
36882
20500
36884
36890
20507
20508
20509
4127
36899
4139
4141
36910
4143
4146
20538
36922
20539
20540
4157
36925
36927
20549
36934
4167
36935
4168
20554
4175
20560
4177
36945
36949
20571
36958
4194
4195
20579
4196
4197
4200
36972
20589
36973
4206
36974
36975
36978
4211
20596
4213
20603
36988
36995
36999
37004
20622
4241
20626
20627
4244
37012
4246
4247
4250
4257
37025
37028
4261
20645
20650
4268
37037
37038
4273
20663
37050
4283
20670
37057
4291
37060
4293
37065
37069
37070
37080
4315
4319
4321
20707
37091
4324
20709
37097
4335
20719
20721
37105
20722
20724
37111
37112
4345
20734
4351
37122
20739
20741
4358
20742
37129
4362
37130
4364
37132
37135
37136
37139
4372
20757
37141
4378
20762
4380
20765
20766
20769
20771
20774
37158
4392
20780
20781
37169
20788
4405
4408
20792
20793
37179
37183
4418
20804
4421
4422
37190
20807
20810
20814
37199
4434
20818
4439
4442
37215
4448
4450
20837
4454
4455
20841
20842
4459
20843
4460
20846
4463
20853
4471
37242
4476
4477
20862
37247
37248
37253
20871
20872
20874
4493
20877
4494
20880
4502
20890
4507
20896
20897
37282
20900
37284
20902
4519
20904
4521
20907
20908
37292
20910
20913
37301
20919
4537
20925
4547
37316
20934
20935
37321
20940
37324
37329
20947
37332
37339
37341
4580
37349
37353
37355
37358
37359
20976
20977
20980
37364
4597
37369
37371
37372
37373
37376
4612
20996
37380
37381
4614
4615
37383
4616
4617
4618
21003
37387
4621
4622
21009
21013
21015
4633
37402
37406
4641
37409
21026
21028
21030
21031
4648
21033
4653
21039
4658
21043
4661
21045
37431
37432
37433
21051
4672
21060
21061
4679
4681
37450
4683
37451
4685
21070
4688
21074
4691
21080
37464
4698
21082
4699
21083
4702
21087
37473
4708
37477
21094
37478
37479
37480
4714
37482
21101
4718
4719
4720
37491
4724
21110
21112
4729
37497
4735
37504
4737
21125
21131
21134
21135
37527
4766
21151
37535
21155
21158
4776
21161
21162
21166
4783
21167
4785
37554
4788
37557
21174
21176
21178
21179
21180
37564
37565
4798
21182
37566
21185
21190
4809
37578
21200
4817
37588
21205
37589
21206
4829
37597
37598
21215
4833
37607
4840
21226
4844
4847
4848
37617
37619
21236
21237
37621
37622
37623
21241
4858
21242
4861
37633
37634
21253
37640
4874
4875
4877
21266
4886
21273
4890
4891
21278
37662
4896
4897
4900
21288
37672
21289
21290
4908
37678
21295
21300
21304
37688
21309
4926
37700
37701
4934
37702
21319
37706
37708
37709
21327
4944
37712
37713
21330
37716
21333
21334
37719
4953
37721
21340
37728
4961
37730
21348
4965
21349
21350
21351
37735
4968
37737
37744
37747
21364
37750
37752
4989
21373
21374
37759
37760
21377
21381
37765
37766
21383
5002
37776
37784
37785
37787
37789
21407
37793
21410
5028
21412
5033
21419
5036
37804
37805
37808
5041
5043
5045
37819
21444
21446
21451
5072
37840
21463
37849
21469
37853
5086
5087
21474
37858
21476
21477
37861
21480
21482
21485
37869
21487
37872
5106
37877
21495
37881
37885
37886
5123
21509
5128
5129
21513
21515
5132
5133
37902
5136
21521
5138
21522
5139
5140
21526
37911
37914
5147
5148
21537
5154
5155
37923
21540
37929
21547
5169
5174
21559
21560
37948
5181
37950
21569
5187
21572
5189
21573
37958
37959
21577
37961
37962
5198
37966
37968
5205
5206
21590
21592
5214
37982
21599
21600
37987
5223
37993
37994
21611
37995
5228
21613
21614
5233
5234
21618
38002
21619
21620
38008
38009
21626
38010
38011
38018
5252
21636
38020
21638
38022
21646
5264
38034
5271
21655
38042
38043
5279
38049
38053
5289
5292
38062
38064
38065
21685
21686
5303
5304
5305
38076
38089
21708
5325
5327
21711
38096
21719
21720
38104
21721
5339
5341
38110
21727
21728
5351
5355
21741
21745
38130
38131
5364
21749
21750
5369
38140
38142
38143
38144
21761
38147
5380
21764
38148
5385
21770
38154
21771
21772
5391
38159
21778
38165
38170
5403
21787
21788
21789
38173
21790
5407
38176
21793
38177
38178
5412
21797
5420
21804
21805
38190
5423
38191
5424
38194
5429
5431
38200
5434
38202
38204
21821
5439
21824
21829
38216
21833
5450
5451
21836
21837
38222
5456
21841
5459
21849
5467
5468
5469
21858
5483
21867
5484
5485
21869
5486
5490
21874
38259
5493
5494
38263
38265
5500
38268
5501
5505
5508
5509
21893
5515
5516
5517
38285
21906
21908
5537
38305
5538
21924
21927
21928
5550
38319
5556
5557
21942
5560
21945
5562
38331
21949
21950
5568
5574
5576
5586
38358
5591
21980
38365
38370
21987
38371
5604
38373
21990
21994
5611
5612
38381
5615
22000
22001
38385
38386
38387
22004
38391
22010
38395
22012
38397
22014
5633
22017
38401
22018
38404
38407
5640
22024
5642
22030
5647
22035
22036
38423
22040
38425
22043
5664
5665
38438
38440
38442
38443
5676
22060
22061
5680
38449
5689
38458
22077
38470
22087
22088
22090
38475
38480
22098
5717
38489
38490
5724
38499
22116
38500
5734
22121
38509
38512
22129
38516
22133
5751
22138
22139
5756
22140
22142
38530
22153
5774
38542
5776
5777
38547
22164
5782
22166
5785
22170
38555
22172
5794
22180
5798
38567
5803
5805
5809
22195
5812
5813
5816
22202
38586
22205
38590
38592
5827
5828
5831
22215
38600
22222
5840
22224
22225
5842
22228
22230
38614
22233
22234
22235
38621
22238
38627
38628
22246
22248
5865
38635
22252
38637
38640
22257
5881
38649
5884
5891
38659
38666
5899
38667
5900
22286
38675
5910
22294
38678
22298
5915
22305
38690
22308
38692
5925
38694
38698
22317
5937
38707
22328
5945
22329
38715
22332
38717
5950
38722
5956
22340
38728
38729
38733
5966
5967
38737
22354
38738
5974
38742
5978
22364
22367
22369
5988
38756
5990
38758
22375
38767
38768
22387
38772
38773
38774
6010
38778
22396
6013
38781
22401
38786
6019
22404
38789
38790
22407
6024
22410
38794
6027
22411
6028
22412
22413
6033
6036
38804
38805
6040
6046
38815
38816
6050
6051
38819
22436
6053
6055
22439
6058
22442
6061
38830
22450
38836
6070
22454
6074
38844
22464
38855
6089
22473
38858
6092
22477
22481
6098
22482
38866
22484
22486
22488
22493
22495
6114
22498
6124
22508
38895
22513
6131
38905
6141
38909
6144
6145
22531
22536
6157
38926
22545
38929
6166
6167
22551
6169
6171
22561
22563
6182
6183
22567
6185
38958
6193
22577
6194
22578
6198
38967
6200
22587
38971
6204
38972
22592
6209
6214
6219
6220
22604
38988
22605
38996
38998
38999
22616
22618
6235
39003
39005
6238
22622
22625
22628
39014
6248
39021
22638
6259
39028
6261
6266
6268
6271
6272
22657
22659
6276
22660
39044
6277
22661
39050
22667
22669
22670
6293
6294
39064
39066
6302
39072
39073
22690
39074
6307
6313
39081
6314
39087
6320
6323
39091
22709
39093
6335
39103
22720
39105
39106
22725
39109
6343
6344
39112
22732
6350
39118
6353
22740
6359
39128
6362
22747
22750
22752
39138
6379
39147
22770
6388
6391
6392
39160
6395
39166
6399
22783
39170
22790
39174
22792
6409
6412
22797
22798
6418
22807
39191
22809
22810
6427
39196
39197
22817
6435
22821
39207
39209
22826
39214
6450
6454
39225
22842
6460
22845
6463
22847
6466
39236
6470
6472
39240
39241
22863
22865
39252
39254
22871
39257
6490
22874
22875
22876
6493
6496
6502
39270
22887
39274
6507
39275
22892
22894
39280
39281
6515
22908
39292
39293
6526
22911
39298
39301
6535
6540
22924
6544
6545
6546
39314
22933
39317
6552
22937
6555
22939
6556
6558
22942
39326
6562
22948
22956
22959
22962
6580
22964
22966
22968
6585
6586
39354
22974
39364
22981
6603
22987
39371
22988
22990
6612
39380
6613
22998
6615
22999
6621
23005
6624
6625
23013
6631
39402
23020
39404
23022
6641
23026
23027
23033
23035
23036
6654
39423
39428
23046
39431
23048
6665
23049
23051
39435
23053
6670
23055
6672
39440
6679
6680
23065
6685
23069
23074
39458
23075
6693
23079
6696
39465
6698
39466
39468
23090
39476
6709
39478
39486
39490
23109
39493
23111
6728
6729
6730
39498
39499
6732
23117
6734
39503
39506
39508
39509
23127
39515
39517
23134
6753
39521
23139
39524
6758
23147
6764
23148
39533
23160
23162
6780
23164
6784
6787
6790
23180
6798
39566
6799
6801
23188
39572
39573
6810
39578
23196
23197
23200
6817
39585
39587
6820
39588
39596
6829
39597
6830
39598
6832
23217
39601
23220
39604
6839
6842
23226
23227
39614
23233
23235
39619
6853
6857
6860
6861
23250
23251
39635
6869
39637
39639
6875
39644
6878
23264
39649
23268
23271
23275
6892
23279
39663
6900
6903
6908
23296
39680
6914
23301
6918
39686
39689
23306
39692
39694
39697
23319
39703
39709
39711
39714
6948
23333
39720
39721
6954
39722
39724
6960
39731
39732
23349
39733
23350
39736
39738
23355
39740
39741
6975
39743
23361
39746
6980
6982
23366
39750
23368
6990
23374
23376
39760
6994
7001
23385
39772
23389
39773
39774
7008
39778
23396
39780
39782
7015
23400
7019
7020
23408
39792
7025
39793
7026
23412
39805
39807
7041
23426
39810
7043
23427
39811
7051
23438
39825
23443
39831
7066
7068
7070
39838
39839
23457
7075
39843
23460
39844
7077
7078
7079
23463
7080
23464
7085
7088
23474
7096
23480
7097
7098
23483
39867
23484
39873
23490
39874
7110
23494
39878
7112
23497
23499
7118
39888
39889
7122
7124
7128
23516
23518
7139
23525
23527
39916
23536
39920
23538
39922
39923
39926
23544
7165
39933
7170
39939
23558
7175
39949
23567
39951
7184
7185
23569
23570
23573
39959
23576
39963
7199
39968
7203
23587
7205
39975
39978
7212
39980
39988
39989
7222
23606
7226
39996
23614
39998
40003
40005
7241
40009
7242
7248
40017
40022
23643
7262
23646
7264
23654
40039
23656
23658
40042
40043
23661
7279
23664
7281
40049
7285
40056
23675
40059
40061
7296
23685
23687
40071
40073
7306
23690
23692
40076
7311
23696
40082
40084
7320
23706
7325
23710
7331
40100
23718
23720
40105
23722
23727
40118
7353
23737
7355
40123
40125
40129
40131
40132
40133
7369
7370
7371
23759
7376
7383
7384
40152
23769
40153
23770
23772
40157
40159
7392
40160
23778
7395
40164
23784
23787
40172
40176
23795
7412
40181
40182
23801
7421
23805
40192
7425
23810
23811
7428
40200
23817
7435
40203
7440
40208
40210
7444
40215
23835
23837
23845
40230
7463
23849
40235
7469
40237
40238
40240
7475
23861
40245
7478
23862
23867
7485
23869
7486
7488
23872
23874
7494
40262
7497
40267
40270
40271
40272
7507
40276
23893
40277
23894
23895
40279
7518
7523
23907
40292
40294
23916
7539
40309
7542
40311
7546
23932
23933
7550
40319
7553
23939
40323
23941
23944
40335
7568
7569
23953
23958
40342
23959
23962
23967
7587
40356
23974
40359
23978
23980
7598
7600
23985
23987
40376
7609
7610
7614
40382
24003
7623
40393
24010
40394
7628
40396
24014
7636
7637
40405
7645
24030
24038
40422
40423
7658
40426
7659
7661
40430
24048
40432
7665
24050
40434
40437
40440
7673
7681
24068
7685
24070
40454
24071
24072
24073
40457
7690
40459
24079
7696
24080
7697
24081
24090
40475
7708
40476
40479
7712
7715
24099
40483
7716
7717
40486
40488
7723
24107
7724
40492
40493
7726
40498
40500
24117
40501
7737
7738
40509
24126
7744
7748
7750
24136
40520
40524
24143
7760
7764
24151
7770
24157
40544
7777
7780
40548
7782
40551
40552
24170
7787
40555
7788
24172
40556
40557
24181
40566
24183
40567
24186
24187
7806
24191
24192
40576
40579
24201
24203
40589
7823
24208
40593
24214
7834
7836
40604
40606
7839
24224
7841
24225
40609
24227
24229
7846
40619
24242
24243
7865
40639
7881
7882
40653
7891
24277
24279
40664
7898
7902
7904
24288
24289
40675
7908
40677
7913
7914
24298
40683
24301
24302
40686
40687
7922
40690
40691
24312
40696
7932
40704
7944
24328
24331
40717
40719
24343
7962
7965
7969
7971
24359
40743
40744
7978
24369
7987
40756
24375
40759
7995
24379
24381
8001
8003
24387
8004
24395
8012
8013
24398
40785
40787
8021
24406
40790
40792
8026
40795
24412
24415
24416
8039
40807
40816
8049
24434
40820
40822
24439
40823
40824
24441
40828
40829
8063
24453
8070
40842
8076
40846
24467
40851
8084
40852
24472
40857
24476
24480
40865
8103
8105
24490
40875
8111
8113
8121
8122
8123
8125
8126
24516
40900
40901
40904
8138
40906
24523
24526
40911
40912
8146
24541
8158
40927
24545
8162
8165
24549
8172
40942
8176
24560
40944
40946
24563
8185
8187
8192
24577
40961
40964
8200
24584
40970
8208
24592
8209
40977
8214
8216
24600
40984
40985
40989
8223
40992
8226
8227
24612
40997
8230
8233
41001
8239
41010
24627
24633
41018
24639
41025
8258
8260
41028
41032
24650
8267
41036
8269
41037
8273
24659
41046
41048
41049
8287
41055
24673
24676
8293
24678
8295
41064
24682
24683
24684
24687
24689
8306
24691
41075
24696
41081
24698
41084
41086
24703
41087
41091
8324
8327
24713
24714
8331
24717
41101
8335
41106
41109
8342
8343
41111
24728
8349
41119
24737
24738
8355
8356
24740
8357
24741
24743
8360
41128
24745
8364
24749
8367
24759
41145
41147
24764
8381
24765
8383
8385
24770
41155
8388
8389
41159
8392
24776
41161
24779
8396
24780
8398
8399
41167
8402
8403
24788
24790
41174
8410
8417
41191
8424
8425
41194
8430
24816
41208
24826
24832
8449
24833
8451
41219
8453
24837
41223
24843
41229
8463
24847
41232
24849
8466
8468
8471
8473
8474
24858
24859
24862
24863
24864
41248
41249
41250
24868
8486
24870
24871
8488
24873
8490
24877
41262
41274
41279
24896
8516
41286
24903
24905
24906
24908
24909
8526
8527
24912
8529
24917
41302
41304
41307
24924
8541
8543
8545
41313
8546
41314
24933
8550
8552
24938
41326
24945
41329
41333
8568
24952
41336
24953
8571
24956
24960
24962
41349
8585
24969
24970
8587
8588
41356
24973
8592
8595
24979
8596
24980
41365
24984
24987
24988
8606
8607
24991
41376
8609
41380
24998
8616
25002
25003
41387
25006
41390
25014
8634
25018
8637
8638
25023
8640
8642
25034
41422
41423
8660
8668
25052
8674
25058
41443
41444
8677
25061
41445
8679
41449
8688
8691
25076
41462
25079
8696
25082
25086
41472
25094
41479
8712
25102
41489
41490
25108
41494
41497
25114
41499
8734
41503
25120
8738
8739
25123
8740
8741
8742
41512
41514
8750
8752
25136
25137
25141
25145
8763
41532
8766
41534
41535
8769
25154
25157
25158
8778
41546
8781
8782
41551
25169
8786
8791
25176
8795
41564
8799
25183
25184
8810
41579
25198
41584
25203
41587
41590
41592
41599
41600
25217
25218
41602
8836
41606
8839
25227
41611
41615
25233
25234
8852
25236
41620
25237
8854
8855
41625
8858
8859
8860
25252
25257
25259
41647
8882
25267
41651
25268
25270
25272
41661
8897
25291
41677
41679
41681
25298
25301
41686
25306
8923
25307
41691
41695
8930
41700
25317
25318
41702
25319
8936
41705
8939
25324
41710
41713
41717
25335
41722
8955
25341
41726
8959
41730
41732
8966
25353
8974
41746
25365
8982
8985
41755
25372
25373
8992
41761
25379
25381
8999
25383
9002
9006
9007
41776
9010
41779
9012
25396
41780
9013
9017
25402
41788
25407
41793
25410
9027
41795
9028
9030
41798
41799
9032
41802
9036
25424
25426
9045
25431
9048
9052
25436
25437
9054
41823
25445
41829
9062
25446
41831
9068
9069
25457
9074
25459
41844
9078
25462
9079
25463
41848
25466
41854
25474
9091
25475
41859
9092
9093
25477
41863
9096
25481
9101
41869
9102
25487
41873
9108
41879
25497
41881
9114
9118
25503
41888
25505
41890
41898
9136
9142
9143
25529
9146
25530
41914
9149
41917
25536
41922
41923
9156
9158
41926
9161
41929
25551
25554
41940
25559
41944
25563
41950
25568
9189
41958
9192
41961
41963
9197
41967
41969
9205
9211
25596
25597
41982
9216
41985
9219
9222
41992
25609
41997
41998
9231
25615
41999
25616
42000
9235
25619
42004
9237
25622
9246
25633
25635
25636
42020
42026
9259
9265
9268
25656
25657
42046
9281
25665
25666
25671
9291
25675
9292
9296
25680
42064
9297
25682
42067
9301
25686
42071
25689
25691
9308
42076
25696
25697
42081
42084
9317
25702
25706
25711
25712
25714
9331
9332
42100
25718
42102
9341
25725
42109
42112
42113
42114
9348
25732
42116
9349
42117
25735
25739
42123
42124
42125
42126
25744
25746
25748
42134
9367
25752
42136
42137
25755
42139
42140
42142
9375
25759
42145
42151
9385
25770
25771
25772
25773
9390
25775
9392
42160
25777
25781
42166
25791
9408
42178
25797
9416
25800
42184
25801
9418
9420
25804
9421
25807
9424
42193
42194
9427
42196
25815
42203
25820
25822
42209
25827
25828
9446
25831
42216
25833
25834
42221
42222
9455
42226
25844
25845
42232
25849
25850
9468
25855
42244
25861
25864
25868
42252
9486
9487
25871
42262
42263
9496
25884
9502
25887
42272
25890
42274
42276
42277
25899
9516
42285
9521
25905
9522
9523
42292
9528
42296
42298
42301
9535
9538
9539
42309
42311
9544
25929
42315
25935
25938
42322
25939
25940
25942
42326
9561
25946
25947
25948
42332
25950
9569
9572
42340
42341
42345
42346
42348
42349
9582
25967
42352
42353
25970
42355
9588
42358
25975
9593
25977
25978
42363
42366
9600
25985
9603
42371
25988
42375
25993
9610
42380
42381
9615
9618
26002
42386
26011
9628
42400
42401
9635
26019
26023
26024
9643
42412
26033
42422
42425
26042
26045
26047
42432
26049
26050
9667
26053
9672
26056
26060
42446
9679
26069
9691
9693
26078
42462
42463
26082
26084
26086
42472
26094
26098
9715
42483
42489
26107
42492
42493
9726
26111
9728
26112
42498
9731
42500
26118
26119
42505
26122
26123
9743
26131
42516
9750
9751
9753
9759
26144
42528
9763
26152
26154
9778
9781
26166
42552
42553
26170
42554
26176
26177
26180
26185
9806
26190
42574
42579
26197
42581
42582
26204
26207
42592
26210
42597
42607
42610
9844
26228
9846
42615
26234
9851
26235
42619
26236
26239
42624
9858
26244
9864
26248
26255
42639
9873
26257
42641
26258
9877
9878
26262
9879
9880
9881
42652
26270
26273
42657
9890
42659
26276
26279
9896
42665
42668
42671
26288
26293
42678
9911
26297
9914
26300
26302
42686
9923
9924
9927
26313
42702
9938
42706
9944
42715
26332
42717
42718
42721
42722
26339
26341
9958
9961
9962
42730
26347
42731
26350
42738
9971
42742
26360
42748
9984
9988
9989
26373
42763
42768
10001
26385
42771
10004
26389
26390
26392
10009
26397
26400
26403
10024
10026
42797
10030
10031
42799
26422
10042
42810
42814
26433
10051
10061
10064
26450
10069
10070
42840
10073
42847
42848
42849
10085
26469
42853
42861
10095
42863
26482
42866
10100
26485
26487
10104
10118
42887
10122
42892
10126
26513
42897
10134
26518
10135
26520
10138
26523
10140
42910
42915
26532
42917
26534
42920
26537
10155
10156
26540
42924
42927
26547
26548
10166
42935
10168
10169
42937
26555
42941
10174
10175
42945
26564
42950
10185
10189
10194
10196
42965
42968
42970
42976
10212
26598
42982
10215
10217
42992
26609
26610
10228
10229
26613
10236
26624
26627
26628
43014
43020
10255
26640
26641
26643
10261
43030
10263
10267
43035
26652
43039
10273
10274
10275
10276
43045
10284
26668
43053
26670
26671
10288
26672
26677
26682
43066
10300
10301
26685
10305
10308
10309
43077
43078
43079
43081
43082
26701
10319
26704
43088
43090
26711
26712
26713
43097
26716
10333
26718
10335
26722
26725
26726
43110
26727
43112
10347
43115
10348
26732
43117
26735
26736
43120
43122
26739
43123
10356
26740
26741
43125
43126
43130
43131
26749
10369
10370
26757
26758
26763
10381
43150
10384
26768
43154
10387
43155
26775
43159
43160
43161
26786
43170
10404
43173
10406
26796
10415
43189
26807
10426
26811
43195
43197
26816
10434
10436
26820
10438
10440
26824
10441
10442
43211
43212
10445
10446
43215
43216
26833
43218
43220
26838
26839
10456
10463
26849
10466
26851
10469
43238
26857
26858
43242
10475
43248
43249
43254
26874
10493
10497
10500
43273
26890
43274
10510
10512
26896
43280
26897
43281
26899
10518
10522
43290
10523
10526
26912
26913
43297
43298
26917
10536
26920
10539
43307
10540
43309
26927
43311
26930
10547
43323
43324
43327
43331
43333
43334
43338
10571
10572
10576
10587
43356
10595
10597
26981
43365
26982
43366
10599
10601
26989
26996
43380
10618
10622
10624
27008
27011
10629
43397
43398
10636
43407
27025
10642
27031
43417
27041
10658
27045
10662
43430
43431
10666
27050
27052
27053
10672
27059
10677
10679
27065
10686
43454
10691
10695
27079
43464
10699
10700
10706
10707
27092
10713
27099
10720
10726
27111
27112
43498
10732
10736
27120
27124
27128
10745
10748
10749
43518
10754
27139
10756
10763
27147
43531
27149
10768
43539
27156
27157
43541
27161
43545
10779
27165
43551
43554
10791
43572
43577
10811
10814
10816
27201
10826
43595
27213
27215
27218
43604
10837
27222
27225
10843
43612
10846
10849
27234
43620
27241
27242
10860
10862
43631
10866
10867
10869
27255
27256
43640
10874
10877
43648
10881
43651
27270
10890
43665
43666
27284
43670
43671
27288
43673
27290
27291
27292
43678
43681
27298
10915
43684
43689
43693
10926
27310
10927
10928
43697
10931
27316
10936
27323
10942
43710
10945
43722
43725
27343
27344
27346
10963
43731
10964
27354
10978
10979
10980
43749
10986
43754
27371
10988
27372
10991
27375
27377
43763
10997
43765
27383
43767
11001
11004
27388
43773
27390
43774
11007
27396
43782
11016
43784
27401
11018
27402
43788
43789
11025
11027
43796
27413
43797
27414
11031
27415
27416
11033
43806
43807
11040
11043
27430
11047
43816
11050
43818
43819
43821
11054
43822
11058
11063
11066
27451
43835
27452
27456
11074
11076
11080
11081
43850
43852
43858
11092
11093
11095
43863
43865
27482
43869
11102
11105
27489
11106
43875
11110
27494
11111
43879
11113
11115
27499
27500
43884
27507
11124
43894
27516
11133
43901
27520
43904
11138
11139
11148
27532
27536
43920
43926
27543
43928
11161
43929
27551
43936
27553
43940
43941
11174
27559
43944
43949
11186
27574
11194
27583
27587
11206
27595
43983
43984
43985
27604
27606
43991
27608
43993
27611
44002
27619
44003
44005
11242
27628
27629
11254
11256
44027
44028
27646
44033
27650
27655
44040
27657
27658
44048
11282
44051
44054
27671
44057
44060
27683
27684
11301
44072
44073
27693
27700
11322
11324
27708
27711
11330
44099
27719
27722
11339
11340
44110
11346
27730
27736
11353
27738
44124
27747
44132
11366
44136
11369
27753
44137
44141
27766
44152
27769
44155
11389
11391
27777
27778
11397
27781
44167
11405
27790
27791
27794
44178
11411
44180
44184
44186
11419
44192
44193
27810
27811
11429
27816
27818
27823
44207
27824
44211
27829
27830
27834
11451
27839
11456
27841
44229
44230
44234
27852
27854
44239
27856
27859
44244
44245
11480
11483
27868
11485
11487
27872
44258
27880
27881
44266
27884
27885
27886
44270
11506
11509
27896
44281
44282
27904
27905
27906
44290
11525
11526
11527
27912
27913
44297
27914
11533
27919
11536
27920
44304
44307
11540
27924
27926
11544
27929
27934
44319
44321
11557
27942
44326
44328
11561
44331
27951
44339
11572
11573
27957
11582
27967
44356
11591
27975
27979
44363
11596
44365
11598
44369
27986
11603
27987
44371
27992
11610
44378
11611
11614
27998
11615
44385
11618
28002
44388
11622
28007
11626
44394
11627
11629
44401
28019
11640
28025
44410
28027
28035
11652
44420
44422
11656
11659
44427
28049
44434
28053
44437
44440
44445
11678
44447
11680
44448
11683
28068
28069
11687
44455
11688
11691
11693
28078
11697
44465
44466
28083
44467
28084
44468
44474
44479
44482
44483
28102
28108
44496
28115
28116
44500
11733
28117
28119
44503
11736
44504
11738
11741
28125
44514
28132
11749
44518
11752
11753
44522
44523
11761
44531
11764
44532
44533
28151
28152
11769
44537
11773
44541
11774
11775
11778
44547
11780
28166
44556
28174
11794
44563
44566
44567
28184
28185
11805
28189
11807
11809
28194
44578
44579
11812
11816
11818
28203
44590
11823
11827
11828
28212
11832
44600
28223
44608
11841
11844
44616
44617
11852
28238
11856
44624
11861
11866
44638
11873
28265
44649
11891
28277
11894
44662
11895
44665
28284
28286
44670
44674
28295
11912
28297
44681
28298
11916
28302
28303
11921
11923
44691
44693
28310
11930
28316
11934
28318
44702
11940
44708
44709
28329
44716
28335
44720
28337
11955
44723
28341
11960
44731
28348
11965
28353
11971
28356
28359
44744
28361
44745
28362
28368
11986
11988
44757
11990
44759
28377
11999
28384
44769
28386
12006
44776
12012
12014
12017
44786
28406
12023
44791
12024
28408
44792
12026
12027
28411
12028
44797
12030
44798
28415
44799
12035
44803
12037
12042
44815
28432
44816
44820
28437
44822
12059
28444
12064
44835
44842
12077
44849
12082
28466
28467
44854
44855
44856
12091
44860
28486
12103
28493
44879
12114
28498
12115
28499
12116
12118
12121
12123
28507
12126
28519
44903
28520
28521
44905
28522
28523
28525
44909
28526
12145
12148
28532
44918
12157
12159
44928
12161
12162
28546
44931
12167
12172
44941
44942
44945
12178
12179
12183
28567
28572
12190
44961
44962
28580
12199
12200
12205
28589
44974
12210
12212
28597
44983
28603
28605
28606
44999
45000
12234
28618
45002
28621
45005
28624
45011
45012
28630
12247
28631
45015
28634
45021
28638
28641
12258
12264
45032
12265
12266
28650
45035
28657
12276
45046
12279
45048
28665
45052
28674
28675
28678
28679
45067
45068
28691
12308
28693
12310
12313
45081
28698
45084
12317
28703
45087
45090
12328
45098
45101
12334
28718
28720
12343
28728
12350
12355
28739
12361
12362
28746
12363
28747
12371
12374
28761
12380
28765
28766
12383
28767
28782
12399
12403
28788
28790
12409
12412
12422
12424
28813
12430
12431
12432
12436
12438
28825
12446
28832
28834
12455
28839
12469
28854
28855
28859
12477
28864
12482
12484
28878
28889
28890
28892
28895
28896
12515
28903
28906
12524
12531
28915
12532
28916
28919
28923
28932
28933
12554
28944
28945
12565
12566
28950
12570
28957
12577
28970
28978
12600
28986
12603
28989
28990
12608
12609
28993
28997
29000
29002
29003
12620
29005
12625
29011
12628
29015
12632
29021
12643
29027
12645
12646
12648
12650
12652
12653
12655
29039
29040
12661
29045
29047
12664
29053
12677
29061
29065
12684
12688
29074
12691
29078
29080
29081
29087
29088
29089
29091
29094
12714
29106
12723
29112
12731
29120
12749
29133
29136
12754
12760
12762
29147
29158
29160
12781
29166
12785
29169
12787
29171
12795
12798
29186
29189
29192
12810
29194
12811
29197
12815
12816
12818
29209
12826
12831
12843
12851
29238
12855
12856
29242
12859
29246
12869
12870
12877
12879
12881
29265
12889
12890
29276
12899
29284
29287
29289
29290
12908
12916
29305
29307
12924
29309
12928
12929
12934
12936
12941
12943
29332
12949
29333
29334
12953
12954
12955
12967
12968
12969
29356
29358
29362
12979
29363
29364
12981
12984
29368
29369
12988
29372
12989
29373
12992
29376
29378
12999
29385
13002
13003
13004
13008
13010
29394
29397
29399
29401
13022
13026
13027
29411
13033
29424
29425
29427
29433
29435
29436
29438
13055
29444
29445
29447
29451
13069
13070
13073
13075
29459
13077
29461
13080
29480
13097
29483
13102
29488
13107
29492
13109
13113
29500
29501
13120
13121
29510
29514
13133
29517
13134
29522
13140
29524
13141
13143
13145
29530
29532
13154
29540
29545
29546
29551
13168
29562
13185
13188
13190
29585
13204
13209
13216
29603
13222
29609
13233
29618
13235
29619
13237
13239
29623
29627
13244
29631
13250
29638
29641
13261
13264
13267
13277
13280
29667
13286
13288
13289
29674
13291
29676
29678
13295
13296
13300
13304
13305
29702
13319
13322
29710
29713
13331
13332
13337
13338
13349
13351
29740
29741
29743
29745
13365
13366
29750
29751
13371
29755
29758
13378
29762
13382
13391
13392
29780
13398
29784
13401
29786
13404
13411
13416
29803
13423
13428
29814
13432
13436
13437
29821
13438
13439
29823
29825
13443
29835
13455
13461
29845
29846
13463
29849
13467
29852
29853
13470
13471
29858
29859
29862
29863
29868
13485
13495
29880
29884
13506
29891
13510
13512
13515
29900
13518
13520
13522
13525
29913
29914
13535
13538
29922
29924
13542
29926
29927
13544
29929
13548
29933
29938
13556
29945
13562
13581
13587
13594
13595
13602
29988
29992
13609
29996
13617
30003
13620
13624
30012
13629
30013
30018
13636
30025
13642
30030
30034
13654
13655
30040
13659
30043
13661
30046
13663
13666
13673
30059
13677
30062
13687
30071
30074
30086
13706
30090
13708
13715
13717
30101
30104
13721
30106
30110
30115
13733
30117
13735
30121
30123
13740
30126
13744
13747
30131
13748
13749
30135
30136
13756
30141
30142
30143
30144
13770
13771
13772
13776
30162
30164
13783
13784
30170
13791
13795
13802
30187
13805
13806
13807
13813
30198
13816
30208
13825
30210
13832
13836
30221
13838
30225
13854
30239
30241
13858
30249
13867
13868
30256
13876
13879
13880
13881
13883
30268
30280
13903
30287
13904
13907
30297
13914
30300
30303
30308
13925
13926
13929
13931
30319
30321
13938
13944
13947
30332
30333
30334
30337
30340
13962
30348
13965
30350
13970
30354
13974
13975
30359
13976
30363
30367
13988
13989
30377
13995
13997
13999
14003
30387
14009
30395
14014
14015
14020
30405
30406
30407
30408
14027
30411
14037
30424
30425
30426
30428
14045
30429
14050
14052
14055
30442
14059
14061
14062
30448
14066
30450
14074
30464
14081
30470
30471
14091
30475
30477
14095
30487
30489
14107
14108
30492
30493
30498
30503
30515
30527
14145
30530
30532
30542
30543
30546
14163
30550
30551
30558
14178
14187
14191
14200
30585
14204
14205
30590
14207
14208
30595
30596
14216
30601
30602
30604
30605
30606
14225
30611
30615
30619
30620
30623
14241
14242
14246
30632
14254
30644
30645
30649
30650
14274
30658
30659
30661
30663
14282
14286
30672
14294
14295
14301
30687
14309
14315
14318
14319
30703
30705
14323
14329
30718
30719
30722
14342
14344
30729
30735
14365
30751
14369
14374
30758
14383
14385
14387
14389
14398
14401
30785
14404
30794
30801
30805
30810
30812
14430
30817
14434
30821
30829
14448
30834
14453
30837
30841
30842
30847
14466
14468
14471
30855
14472
30856
30859
30865
14482
30866
14486
30871
14488
30874
30876
30879
14501
30885
30889
14508
30892
30893
14511
30899
30902
14519
30908
14531
14533
30919
30921
14538
14542
14545
14546
30930
14549
14554
30946
14563
30947
14564
30954
30964
14582
30966
14583
30967
14585
30970
30971
14588
14589
30974
30976
14594
14598
14600
14602
30991
30995
30996
30997
14616
31002
31003
31005
31007
14627
31015
14633
31017
14635
31020
14637
31021
31025
14643
31027
31031
14651
14654
31039
14656
31042
14666
31054
31055
31058
14678
31063
31065
31067
31068
31074
14694
31078
31092
14709
14712
31100
31102
31106
31111
31114
14731
31115
14734
31120
31122
14740
14743
14744
14746
31134
31142
14763
31152
31156
14774
31158
31160
14777
31162
14779
14780
14782
31168
14791
14794
31181
14807
14809
31194
14813
14814
31199
31206
31208
14830
14831
14832
14837
31226
14846
31233
31234
31239
31246
31248
14868
31254
31256
14873
31260
14878
14885
31274
14891
31280
14898
31293
31295
14913
14914
14923
31307
31311
14931
31315
14932
31316
31319
31324
14944
31333
31338
31341
14960
14963
31349
31351
31354
31361
31362
14981
31366
31368
14988
31373
14990
14993
14995
14996
14997
14998
14999
31385
31387
15004
15011
15016
31402
15019
15022
15023
15024
15029
15033
31425
15042
31426
31427
15046
31430
31433
31434
31435
15056
31448
31454
31467
31469
31477
15095
31480
31481
31483
15103
31488
15106
15107
15109
15115
31504
31508
31513
15130
31515
31517
31524
31526
15150
31536
15153
31537
15154
15155
15157
15158
15160
31544
31545
31555
31557
31559
31560
15178
15179
15180
15182
31580
31584
15204
31591
31595
15216
15218
31604
15226
31613
31617
31621
15241
15242
31629
31633
15255
15259
15262
15266
15268
15273
15274
31661
15278
31662
15280
31664
15281
31665
15285
15289
15294
15296
15301
31685
31689
15306
15307
31692
15313
15320
31706
31709
31715
15335
15340
31724
31729
15349
31738
15357
31744
15373
31757
15375
31761
31767
31769
15387
31774
31778
31780
31781
15400
31787
15408
31794
15414
31800
31802
31803
31804
31805
15424
15430
31814
15431
15436
31821
15438
15444
31831
15449
15450
31838
31839
31844
15461
15463
15464
15472
15473
15474
31863
31865
15483
31869
31872
15489
15490
31874
15499
31886
31889
15506
31891
31892
31893
31895
15519
31905
31909
15528
31915
15532
31916
15534
31918
31924
15542
15544
15555
15556
31941
15562
15564
15567
15568
15576
15579
31964
15589
15590
31977
15595
15599
31983
31986
15605
31993
15613
32004
15621
15634
15638
32024
15642
32027
32033
32036
15657
32044
15666
32056
32059
15681
32068
15686
15690
15692
15693
32077
32090
32091
32092
32100
15721
32107
32108
32109
32110
15727
15730
32121
15741
32125
15744
15746
15749
32136
32140
15763
15764
32149
15767
15775
15777
15782
32168
32174
15792
32177
15794
15798
32183
15801
15802
15804
15805
32190
15808
32196
32202
15821
15822
15823
32207
32210
32212
15831
32222
32224
15842
32227
15844
32228
15847
32238
15855
32242
32244
32247
32248
32250
32252
15871
15876
32260
32261
15886
15890
32274
32278
15897
32281
15900
15902
32286
32287
32307
15926
15931
32321
32323
32326
15943
32327
32328
15946
32330
15949
15951
32338
32339
32341
15958
32343
32344
32345
32351
15968
15972
32357
15974
32359
15979
15981
32366
15984
15985
15987
15988
15989
15992
32376
16006
32391
32396
32398
32402
32403
16027
32420
16039
32423
32426
16045
16047
32431
16051
32437
16054
32438
32440
32443
32448
32451
32456
32459
16077
32462
32464
16081
16086
32470
32471
16090
16091
16092
16098
16102
32486
32487
32490
16107
32491
16109
16115
32505
16122
16123
32515
16136
32520
32524
16141
16143
16144
16145
16150
32536
16153
32537
16155
16159
32543
16165
16169
16173
32557
32559
16179
16180
32571
16189
32574
16191
32579
16196
16199
32584
16201
16203
32587
16204
32589
16212
16220
16223
32607
16225
32615
16232
32617
16234
32619
16237
32622
32625
32626
32628
16246
16250
32635
16252
32638
16259
16279
32663
16284
32668
16291
32675
16303
32687
16304
16307
16308
16310
16311
16315
16323
16325
16337
16338
32728
16347
32737
16354
32740
16358
32743
16361
32745
32747
16366
16370
32758
16375
16376
32760
16380
10
197
229
183
9
265
59
251
140
14
382
