5501
16384
32768
16385
32771
4
32772
7
11
24588
32783
24592
24594
20
32788
16405
16406
24598
23
8215
24599
8217
16409
24601
32795
8220
16412
24604
29
24608
24609
16418
24610
16421
16422
8232
24618
32810
8235
44
16428
46
24622
8239
24631
32824
24634
32827
60
32828
24638
16448
24640
8257
32836
69
32837
16454
24646
32839
16457
24654
32846
32848
8274
24659
8276
16469
86
8279
16471
24663
92
24668
93
8285
24670
32862
32866
99
8291
16483
24675
8292
101
16486
32871
8297
32873
16491
8301
16494
24688
32880
118
8310
32887
8315
32893
24702
32894
32896
16513
32900
133
16517
24710
8327
24711
137
16521
139
16523
32908
8333
32911
144
32912
24721
32914
8339
148
8343
32919
153
16537
16539
156
16540
157
158
8351
16544
8357
24741
8359
24745
32937
172
16556
32942
16559
176
24752
8369
178
24754
179
24756
32950
8375
16571
32957
190
16575
8386
32962
16580
24772
8391
24781
16590
16591
24783
32975
211
8404
24788
8407
8408
218
8413
224
24803
230
8427
16623
24817
242
24821
24823
24826
16635
24828
24829
255
8447
256
258
16643
33027
8454
8455
16647
266
16650
33034
16651
24844
273
8467
16660
279
33047
8475
16669
33055
289
24866
24868
293
16677
24869
33061
296
8488
8491
8492
8493
16686
8495
304
8497
8500
24884
312
8504
8506
8507
16699
33087
8513
24898
16708
325
16709
16710
24902
33094
327
24903
8520
16714
16715
333
8527
16720
337
16723
340
24916
33109
24920
8537
348
8540
24924
8542
8543
24927
24930
356
8549
8555
33132
33135
16753
24946
8566
33144
8570
16765
33150
24963
8581
24966
391
8583
392
33160
393
16778
24970
395
24971
8591
16783
400
401
8595
404
33174
8599
24983
24984
16793
410
411
24987
8605
33181
8607
8610
16803
8612
16804
421
24997
8614
16806
424
16808
33192
16811
8621
25005
25006
16815
25007
435
8627
16819
25011
25012
33204
8630
33208
8635
16827
25021
33214
16831
16833
451
33220
8646
455
458
25036
8653
16847
25039
33236
16855
8667
16859
16860
33245
8670
16862
482
25058
484
16868
25061
486
33255
488
33256
490
25069
25070
495
16880
33266
16885
16886
16887
8696
25080
33274
25084
25085
8706
16900
16902
16903
33287
8712
16904
8714
523
16907
25100
33294
8719
16911
16913
16915
536
8728
537
16921
540
542
25118
16927
33313
546
16931
33315
25124
16935
25130
25131
8749
25135
16945
33334
16956
25148
573
16957
33341
574
16961
8770
25158
8776
585
8778
8779
33356
8781
8782
16974
592
16976
8785
25169
25170
33362
25176
16985
603
16987
16988
8800
8803
33379
25191
17000
33384
25194
33386
17003
25196
622
17006
17007
25199
25200
33392
25204
33397
8822
33402
17019
17021
25214
639
17023
33407
17025
33409
642
17026
648
649
17035
8847
656
657
658
8850
8853
25237
25239
33431
665
17049
8859
17052
33442
25251
684
8878
688
17072
17075
33461
17078
8888
33466
33467
33468
701
25277
17086
33471
8901
8902
25287
8904
25288
8905
714
8906
715
17102
8911
25295
33488
722
8914
25298
33490
33491
33492
725
33493
17110
17111
33496
25305
731
8923
735
8929
739
25315
17124
8933
25319
25320
33512
8940
25326
751
17136
33520
754
8948
33526
8951
17146
33531
8957
17149
25341
17151
25345
25346
771
772
8964
17156
8965
33548
33551
33552
785
17169
25361
33553
787
8979
25363
17172
790
8985
794
25370
795
8987
17181
798
8990
25375
25377
17186
25380
33572
805
17189
25381
806
33578
17195
25387
813
815
17199
25392
817
9009
33585
33586
17203
33588
17206
9015
9016
33592
25401
25404
33596
17213
9022
33602
33603
25412
17221
33605
839
25415
840
17224
25417
17228
17230
33614
17231
17232
9044
33620
33621
33623
17242
25434
17243
860
17245
33630
9055
25440
9062
9063
872
17256
25448
9066
25450
33643
17260
17261
879
881
886
25463
17272
892
25470
897
25474
17283
17284
25479
9096
25481
907
910
33678
17295
913
916
25492
33684
9109
25497
9116
17311
9120
17312
33696
25505
17314
25506
33698
9123
25508
933
25510
17319
33704
33706
33709
9135
25519
33713
9140
33716
17335
25528
953
9145
25529
33721
9150
33728
25537
33729
33730
17347
25540
9157
17351
9160
970
9163
33740
9166
9168
17360
9170
25554
33746
9171
33747
25557
982
17367
985
17369
25561
9178
33754
9180
9183
17375
25567
33761
33762
9187
17379
33763
17380
33764
25573
33765
1000
9192
33768
9193
33769
1002
9194
25579
9196
17388
9198
25582
1007
1008
9201
1010
25588
33782
1016
33786
33788
25597
9216
17408
25601
1027
25603
33795
25607
9224
33800
9225
25610
25614
1039
25615
17428
33812
17430
1049
9241
1050
17436
17441
25638
25640
9257
25642
25645
33838
33844
33845
1078
33846
1080
33848
9273
25657
33849
25661
17470
25663
9281
17473
9282
33861
17478
9287
17479
25672
25675
9292
33868
25678
33873
1106
17493
33877
17496
17497
1114
33883
9311
1120
9312
17504
9314
25698
33891
25700
17510
33895
25704
1130
17520
25714
1140
9332
25716
17529
9338
9339
9342
1151
9344
9345
33922
33923
1156
17540
33924
1157
1158
33926
33929
1162
33931
17548
17549
25742
1167
33935
25744
1169
33937
9362
9364
17559
17561
1178
17564
17567
1185
25761
1186
1191
1194
9387
17579
9388
1200
25777
33969
1202
17588
1206
9399
9400
33978
17595
33981
25790
25792
1218
1219
25797
25802
33995
17614
1233
9425
17621
25813
1238
25814
34006
17623
1240
25816
9433
34009
9434
9437
34016
9442
9447
1256
17640
25833
1260
9455
34032
1265
9460
1269
1271
25848
17657
25851
34043
1276
17662
25854
34046
9471
25855
34050
1285
17671
34056
9481
34057
9482
25866
1292
17676
34061
1295
1298
17682
9492
34068
1301
25880
25883
9503
34079
1314
25890
9509
25894
17704
9514
17707
25899
9516
17713
9523
25908
9526
25910
34102
34103
9529
1340
17724
17725
34111
1347
9546
25933
1358
34126
9551
25936
9553
25937
25939
25940
1367
25945
34137
1371
1374
17758
25950
1375
34144
9569
17763
25956
34148
9573
17767
25960
9577
17771
25968
1394
9586
34162
9587
25971
25973
34169
25979
34171
1407
17791
34175
1408
9600
9602
25990
25992
17801
1419
17804
25996
34188
1421
17805
17806
34190
34191
1424
34192
34193
17811
34195
9620
26004
17816
9626
17820
9630
17823
34207
1441
1446
26022
17831
26023
34215
9640
34216
34220
26029
1455
34224
17841
1458
34227
1461
1462
26038
1464
9656
17850
34235
9660
17854
9664
17858
26054
1479
9671
17863
17864
1481
17866
26059
9676
17869
9678
26062
1487
17871
17872
9683
34261
1494
26070
17879
34264
9689
9690
17883
17884
9696
1505
17890
34274
1508
26084
34276
9701
1510
9702
34285
1519
9712
26096
17905
34289
26098
9715
26100
34293
17910
1527
17911
1528
9720
26104
34296
1529
17914
9723
9725
17917
17918
1535
17921
9730
26114
9733
26118
34310
1543
34311
34312
1546
9738
17930
1547
17931
26124
34318
1552
17936
9745
34321
26133
34325
17942
26134
17943
26135
17944
1561
34329
26138
9755
1565
26141
9758
17952
26145
34337
34338
9763
17957
17958
26152
9773
34351
17970
17973
34361
9786
17981
9791
26175
9793
26177
9796
17989
9799
26183
26185
9802
1611
26187
34379
17996
17997
1616
9808
34385
1619
34387
1620
9812
9815
18009
18012
34397
34399
26210
9828
1637
9830
18022
9831
34407
26219
1644
1645
9837
26223
34417
18034
34418
26227
34419
18038
26230
34423
34424
9849
34426
34427
1661
18046
26240
18050
26242
1668
9860
9864
9865
1674
18059
34443
9868
9869
26253
18062
26254
9871
26256
34448
18065
18066
26259
9876
26261
26262
26263
26264
9881
26268
1693
26269
26271
1696
18083
18085
34470
1704
18088
9897
26282
9900
26284
9901
9902
18094
26287
9906
26290
18100
18101
9910
26294
34486
1719
18104
9913
26297
34489
1722
26298
26299
1725
26301
1726
9918
26303
18112
1729
1730
18114
26306
9923
1733
26312
26313
9931
34508
26317
18127
9936
18128
26322
9940
18133
26325
18134
34518
18135
26327
34520
34522
34526
1759
18144
34528
34529
34530
18147
26339
9960
1769
9961
1771
34541
1774
18162
34546
1781
34549
1783
26361
18171
26364
9991
1800
34568
9993
26377
26378
1805
34575
26384
10002
26387
18196
1814
34582
18201
26393
10011
1821
18207
34591
34592
10017
26401
34593
26403
34596
26405
18215
1832
10024
26409
34602
34603
34608
34611
18230
34617
10042
18234
34620
34623
10048
34625
18242
1863
26440
34635
1871
34639
34641
26450
34642
18261
26454
18263
34648
18265
18267
26464
18274
10083
18275
34659
10087
34663
10088
18281
34669
1904
1906
26483
10100
26484
1909
1910
18294
1911
10103
1913
10105
10108
10109
34685
1918
26494
1921
1924
18308
34697
1930
26506
18315
26508
34700
10125
1934
34704
18322
10132
26516
10133
1942
10134
34710
1944
1948
34717
26526
10143
10144
34720
26529
1955
26531
26532
1957
1958
10153
1962
26539
1964
26541
10158
26544
34736
10163
18355
10165
1978
18364
26557
34751
10178
1987
18373
26565
18374
26567
10185
26569
18378
1995
26572
34764
2000
34768
2004
18390
34774
10199
2008
10200
10203
2013
34781
34782
26592
34784
2017
10210
26595
18405
2022
2025
34797
26608
34802
2037
18421
2038
10230
18422
26617
18427
34811
10236
2045
10240
26624
18434
26627
26629
18438
2057
2058
26634
10251
34828
10256
2069
34837
2071
10263
18455
2073
26649
34841
2075
26652
10269
34845
2078
18463
26656
10273
26657
10275
10276
34855
2090
18475
18476
10285
18478
2095
26672
18481
10291
2100
18484
2101
26678
34871
18490
2107
26683
26684
2112
2114
18498
10307
26691
18502
34886
34889
18506
2123
26699
26700
2125
10317
2126
26702
10320
18513
34897
2130
26706
18516
2136
18520
26712
18521
18522
2139
10331
26715
34909
34911
26720
10339
18534
18535
18537
26730
2156
2157
10349
18541
18543
10352
18544
26736
26737
34930
2163
26739
10356
18549
2170
26750
26751
10368
34944
2177
26762
34954
34955
10381
26765
26767
34959
18578
26770
18580
2198
18582
34966
10391
34967
18584
18586
10395
34972
34976
34977
18594
26786
18598
2215
18599
34983
2216
18600
34984
10409
2219
2221
10414
18610
2229
18614
34999
2233
10427
2239
18623
35007
10432
35008
18625
35009
2243
35017
35018
2251
2252
26828
35022
10447
18641
35027
18644
26837
35029
35031
26840
10459
26843
26844
2271
10464
18656
35040
10466
26853
10470
2279
18663
10474
2285
18669
26861
2286
2293
10486
18679
35063
10488
18681
26874
2299
10491
26875
2300
26876
26877
2302
10494
35070
26879
2304
2305
10499
10502
2312
2313
35081
2316
2318
26895
2320
35089
10514
18706
26898
35091
18708
2328
10520
10522
26906
35098
35099
18716
26908
10526
35103
26912
2339
18726
35110
26919
18728
26924
10541
2351
26928
35120
2353
10545
2354
18739
26931
35123
2357
18743
10552
18744
26936
18745
26937
35130
10556
10557
18750
26947
2373
10565
18758
2375
10568
2379
2381
35149
18768
26962
2387
35155
2388
10580
18772
35156
18773
10585
18777
10588
2397
18782
26974
18786
35171
2405
26981
2407
18793
26985
10604
18796
35185
2418
18802
10612
2424
27000
18810
2427
10619
18812
10623
35199
18816
2433
18817
35206
18823
10632
35208
10633
18826
27018
27019
2444
35212
2446
2447
10639
10641
2451
18835
10645
10646
27031
27034
35226
27036
10654
35230
27039
35231
27042
35235
27045
2471
27047
10666
10668
10670
27054
35248
2482
35250
2483
35253
18871
35255
18872
2489
35257
35258
2491
10687
35264
27073
35265
18882
2501
2504
10696
27080
2507
10699
2508
18892
10703
35279
2513
27089
27090
27097
35289
35290
18907
35291
2525
27101
18912
35296
10721
18913
18914
18916
18917
2537
35305
18922
35310
2543
27119
2544
27120
10739
27124
2549
27125
35319
18936
10745
18937
35321
27130
10747
10748
27133
10750
2559
2561
27137
35329
18947
35331
18948
35332
18950
10761
18954
18955
27147
27149
35341
2574
27151
35349
35350
27159
35351
10777
2586
35354
2587
18971
27164
10781
27165
18975
35360
2593
27169
18979
2597
18981
35365
27174
27175
35367
35368
10793
27180
27181
35373
10800
18992
27184
2609
27185
35377
2610
2612
18999
2616
10808
10809
19001
27193
10810
35386
2619
10812
27196
2621
10813
35389
35393
19013
19014
2632
27211
27212
2637
10829
2644
35412
35413
10838
19030
10840
27224
19036
27228
19038
35422
2657
19042
2659
19043
2662
35430
19048
2665
2666
27244
2670
2671
19056
10865
27251
10870
19065
35451
10880
27266
35458
27270
35462
2696
27272
2698
2699
35467
19084
19085
2704
10897
27281
35473
2706
19090
27282
2708
10901
27288
35483
2716
19101
2719
2720
27297
27298
10916
10918
19111
2731
10924
19116
35502
10927
27312
19121
35505
19125
10934
2745
10937
27322
2747
27323
19133
2750
19135
19137
35525
10950
27337
19146
35530
2764
19151
19152
19154
19156
2773
10968
35544
10969
27353
2778
27354
35546
19163
27357
19166
27358
2784
35552
27361
27362
2788
19173
19174
2792
2796
35566
35569
35570
35573
2809
35577
27387
2812
11004
11006
35582
2817
35588
35590
11015
19207
27400
35592
19209
27404
2830
27407
27409
35601
2834
2835
11030
19222
11032
19225
11034
27420
35612
19229
11038
2847
27423
11040
2849
11041
2851
2852
27428
11048
35624
2857
19243
2861
11053
11054
27442
2868
27448
11065
11066
35643
35644
35645
2883
2884
19271
11080
27465
27466
2893
11085
19279
2897
35665
35667
19286
35670
2905
27481
35675
11100
2909
11102
35678
11104
2915
27491
27495
19304
27498
2925
2926
11118
35695
35696
27505
11125
11127
27512
19321
35706
19323
27515
27517
27518
35710
2943
27519
35711
11139
11142
2951
19335
2952
19336
27529
19339
11150
19342
19344
11156
2965
19350
35734
19351
11160
27545
27546
19355
35739
2972
19360
27556
2983
19368
27561
27562
11180
27564
35758
2994
19378
27570
11188
19382
35766
11191
19385
19386
27578
3004
19388
3009
27585
27586
19398
35782
19401
35785
3018
35786
11211
35787
35788
19405
27598
35791
35792
35793
11218
11221
35798
35799
3032
35802
27614
11237
3047
3048
35817
3051
35819
19436
3054
35825
19442
19443
3061
19446
35830
3063
19447
3064
19450
3067
27643
3068
3069
35837
19454
27648
27650
11270
19463
27655
3080
11272
3084
27660
35852
27661
19472
3090
11290
19485
19486
27678
27679
35872
11297
11299
19491
27683
19495
27688
3115
35883
19500
3117
11311
35888
3121
19507
27700
27701
19510
19512
27704
11321
3133
19520
11329
19522
3142
19526
27718
3143
11336
19529
11338
27723
3148
3151
35920
19537
27732
3157
27733
19542
27734
19543
11352
35928
35931
35933
27742
11359
19551
3173
19557
3175
3181
19565
27757
35949
11374
35952
11377
19570
35956
11382
19574
19576
11386
35962
27771
27773
11390
19585
27777
3202
35970
3203
19588
3208
3209
19593
27786
11404
19596
11406
3215
3217
19604
11413
35989
27799
35991
11416
27802
27803
35996
11421
3232
27810
3235
19619
27811
3236
3237
36007
3243
27821
36013
11438
19630
11440
19632
36016
19633
27825
11443
36020
11452
36028
19645
27837
3262
11455
3264
11457
27842
3270
3272
3274
19658
3275
11467
27852
36044
11470
3279
27855
19665
19666
36052
27862
36056
27866
27870
19679
3296
3297
27874
19683
3300
36068
3303
19689
11499
36076
36078
36079
3316
19706
27898
11515
36091
3331
27907
3333
19717
19719
3336
27916
11533
3342
36110
19727
27919
3344
27922
36115
3348
11540
11544
11545
19737
3355
27931
27932
11550
36127
36128
36132
19753
27945
19755
27949
27950
11567
19769
36154
3388
11582
27966
3393
27969
36161
36163
3396
11588
19781
3398
27974
19783
27976
27977
3404
11596
36173
11601
36178
11603
19796
36180
3413
3416
11608
3418
19802
27994
27995
27996
3421
19805
11615
11617
3427
28003
28005
28006
36198
11623
28009
36203
11628
28012
36205
19822
36207
3443
19827
36212
36214
3447
36215
11641
36217
3450
11642
36219
3452
19836
3453
28029
19839
36223
11648
36224
36228
3461
28037
36230
28041
28045
19854
36240
3473
28052
19861
36245
11671
36249
3482
19868
36254
3487
19871
28063
3490
36259
28068
36261
11686
28072
11689
19881
36265
3499
28075
28083
36275
36276
11702
3514
19898
36283
3516
3517
11710
28094
36286
3520
3522
19907
28100
19910
19911
19916
3537
3539
3541
19925
11734
28121
19933
19937
36321
11746
36322
19940
11753
28140
19952
3571
28147
19956
11765
28149
36341
28150
3575
19960
36344
11770
28157
28158
11775
36351
11776
28160
36353
11780
36356
3591
3593
28169
3594
11786
19978
3596
3598
19982
11791
36367
3600
19985
11794
28180
11798
36377
19994
36379
3613
36383
28197
28202
3632
20016
3633
36401
20020
28213
3639
20023
3640
20025
36409
3642
36410
28222
36414
3647
20032
3650
28227
28228
36421
11846
20041
3658
20043
28235
36428
28241
20050
36434
3669
3670
20055
36439
3673
3675
11867
36443
36445
3678
28254
3680
20064
28256
3681
20069
11878
20072
28264
36457
36459
11885
36461
20078
11889
36465
20082
3699
11892
11895
11898
3707
20091
28284
11901
3710
11902
20094
20095
11904
3713
11905
28289
3714
36487
28296
11913
3723
20107
28301
36493
28302
3727
36499
28309
36501
36503
20121
20122
36506
11931
36508
20126
36511
20128
36514
3751
11943
20135
36519
28328
20137
36522
3760
11952
3761
20145
28337
11954
28339
36534
36535
20152
3769
36537
28346
3771
28347
28348
20157
11966
3775
28351
3776
20161
11973
3785
36558
36561
3795
20179
3798
36570
11998
28382
11999
12001
28385
12002
36578
20195
3812
3813
36582
20199
28392
12009
20201
28393
12010
3820
20204
3822
12014
20207
28401
3826
36594
12019
28403
28404
12021
3830
36598
36601
12027
20222
28414
12031
3840
20226
28419
28423
3848
20233
12043
36623
20240
28432
12050
3859
20244
12053
28438
36630
36631
28440
28441
3866
12058
20250
36634
3867
36635
12065
3874
20259
3876
20260
28452
12070
28455
3883
20269
36660
3894
12086
20282
20285
3903
12095
20289
12107
3916
20303
12112
20304
12114
12115
28500
28502
3927
20315
28507
36700
28510
36705
3938
36708
36709
28518
20327
20328
36712
12140
36717
3950
3953
28530
3958
36726
28535
12154
3963
12155
20347
12156
12157
28542
3967
28544
12162
12164
36740
20358
20360
3977
12169
28554
20363
12172
20364
20369
20372
36756
3991
28568
3993
28571
3996
20380
36764
3998
36767
4001
12193
20385
20387
20388
28580
20389
12198
12200
20392
28584
36776
12202
28586
12204
28588
4015
28591
4016
28592
28595
12212
36789
4023
12215
12216
28601
12220
20412
12221
12225
28609
4037
36805
28614
4039
20423
4040
12233
12234
20428
12238
20431
28624
12241
36817
28627
12245
12246
20438
12247
36823
20442
12251
28635
36829
20447
12259
4068
4069
36837
4070
12262
36838
4072
12264
28649
36841
20460
36846
12272
4082
28658
4084
4086
36855
12280
4089
28668
4094
20480
4099
36867
4103
12297
12298
28682
4111
20495
20496
36880
20499
20500
36884
36885
4118
36886
20504
4122
20507
12316
20508
4125
4126
36895
36897
20517
4138
20522
4141
20527
28719
20528
20529
36913
20530
28723
4148
36916
4155
20542
12351
36927
4162
28738
4163
4166
36934
12365
28749
12367
36947
12372
12374
36950
4183
12375
12377
36953
20570
28762
12379
36955
12381
20573
28767
4192
36960
36961
20578
12387
20579
4197
20582
28776
20586
4204
28782
36975
36980
36982
4215
20600
12409
12410
28794
28796
36989
20607
20608
20610
12420
36996
28807
4232
12424
37000
12429
20621
37005
12432
28823
20634
37019
4252
4253
28833
4259
37027
4260
4261
20646
28838
28839
4264
20649
28841
37033
4267
12462
37038
12464
20659
4276
37045
4280
20665
37049
4282
12474
4286
28862
4289
12485
4295
37063
4298
28874
37066
4299
28876
4301
20685
37069
37070
20687
4304
28882
20692
37078
4311
37085
20702
28894
12511
12512
4323
20708
20709
28901
4327
4328
4329
37100
20718
37103
20722
37108
4341
20725
20729
37114
28923
12542
4354
28930
28931
20741
20743
28935
28937
12555
37131
20748
37132
28941
4366
20750
20753
37138
4372
4377
20761
20764
28959
37152
12580
4389
12582
28966
37162
4395
4396
37165
20782
20783
4400
28978
20787
37171
37174
4408
37176
37177
4412
20797
28989
12608
20800
28994
12611
37187
4420
12612
20805
20806
4424
12617
12621
20813
37197
20814
20815
37199
4434
12627
4437
4441
12633
37213
20830
37214
12639
4448
4450
37218
20835
29027
4455
12647
20839
20841
12651
4463
37232
29044
4470
12662
29046
37238
4474
20861
12671
12673
4486
29062
12680
4490
20877
37261
20878
12688
37265
29076
4503
12695
29079
4506
4510
37278
4511
4517
37287
20908
37293
12719
29103
12724
29111
20921
12733
4542
37310
4543
4544
20933
4550
12745
12747
29131
4558
4560
37328
4561
29139
37333
29142
4568
12760
29149
37341
29150
12767
12774
20966
29158
37353
29164
29167
20982
12791
29175
37367
20984
29176
20985
29179
20990
20992
37376
29186
20995
12804
20999
12809
37385
4618
12811
37387
29196
12814
21006
4623
29199
4626
4629
29206
37399
4634
37403
37405
12830
29221
21030
4648
12841
4650
21035
37419
37420
29229
12848
12850
21043
29236
12853
29237
4662
12856
37433
37434
37436
12861
12865
37442
37445
4679
21065
21068
4685
37454
29268
37460
37461
4695
21079
21081
4700
37468
12893
21086
37473
12900
4710
29288
4714
29290
4717
29297
21107
29299
12924
21116
29308
21117
12927
37505
37506
4739
21124
4746
29322
12939
29323
21132
29324
37516
4749
21133
4753
21137
12947
21139
4757
4758
37528
4761
29339
21148
29340
37532
37534
21153
29345
4771
29347
4772
12964
21157
29351
12971
4780
21164
37549
37551
21168
37552
21169
29361
12984
12986
21178
29371
4798
21182
4799
29377
21186
4803
37572
12997
29381
13000
4809
37577
4816
4818
13010
29394
29396
37588
21205
21207
29401
4827
21212
4829
29405
29409
37601
13026
4835
37603
4842
37610
37616
29425
4851
21236
29433
21242
21247
21248
21249
4868
4871
13064
13065
37643
4876
37644
4879
29456
37648
29459
21270
13079
21271
4888
29467
13084
37660
21277
4894
4895
21279
21285
13095
4904
37672
4907
37675
37679
13104
29489
4917
13109
13110
29496
29497
29498
21307
4925
4927
21315
21316
37701
13127
21319
29511
21320
4937
21325
37711
21328
21330
29523
13143
37719
21337
29529
21338
29530
4957
13149
37725
37726
4959
29535
13153
21346
29539
21350
37734
21351
29545
4971
21356
13166
4975
4976
21360
37745
13170
21362
21364
29557
21367
13177
29561
21372
29564
4989
21373
29567
13184
21377
4996
21381
37766
21384
21387
29579
29580
29581
29582
37774
29587
13204
13205
29594
37786
37788
37790
21409
13218
29602
13223
21415
29607
21416
21417
37801
21418
29610
29611
37804
29613
21424
29616
29617
5042
37814
21431
13241
29627
13244
5055
37824
13249
21442
29637
37829
13254
21446
37830
13255
37831
37832
5065
5066
5067
21451
5068
29644
37836
5069
21455
29647
5074
37842
29651
21461
37846
13272
29656
21465
29658
13276
29663
21472
5089
37858
21475
37859
5092
13284
13286
29670
29672
13290
21483
29675
5100
37868
13293
21493
29686
29688
37880
29689
21498
37882
13309
37885
21502
13313
21505
5123
5127
13319
21512
29704
37896
21515
5135
5136
13328
37904
29713
21523
13332
21528
13337
29723
29724
21533
29726
29727
37919
21537
5156
5157
37925
13351
37927
29736
29738
21547
37933
37934
13364
29749
5177
21561
13370
29755
5181
5188
13380
29765
21574
21579
5198
37966
29775
13395
37971
5204
29780
37972
21591
5208
5209
5211
13403
21596
21597
37981
5214
21599
37983
29793
37989
21609
13421
29807
13425
21619
29812
21621
5238
13431
13432
38009
38010
29819
13439
5250
38018
21643
29837
13454
29838
5263
13456
38033
29843
29847
21657
13467
38043
38045
13471
38048
21665
5286
21670
21671
13481
38057
29868
21683
13495
29879
21688
13503
38080
5313
13505
21697
21699
5317
21701
29895
5321
13513
13514
29898
5324
21708
29900
38092
21710
13521
5330
29906
13524
38101
5334
38102
13529
13530
21722
29917
38110
38113
5346
5347
38116
29925
5353
13545
21737
29929
5354
29932
38124
5358
21742
13551
5362
21747
38131
21749
5366
13559
21754
13564
5374
13566
29951
5376
21761
5378
38146
21763
21766
13575
21771
5388
21772
29965
21774
38161
21779
21782
5401
38169
13594
13595
29979
13596
5405
38174
13600
29984
21793
21794
29987
5412
13605
29990
5417
13611
38187
30000
38192
5425
30002
38194
21812
21813
21814
5431
13625
21822
21823
5443
21827
30019
5446
5448
5449
21836
21839
5456
30032
21844
13654
30038
5463
21851
5468
13668
30053
13670
13671
5482
21866
30059
13680
5489
13681
30070
5496
13690
30074
30076
13694
30080
5505
5507
30083
13702
21896
13706
21899
21903
13713
21909
13721
13722
30107
5534
13728
13729
21921
5539
30116
13733
30119
5546
13738
13739
13740
21932
5551
30127
5553
21938
21939
13748
21940
13751
21943
5560
13753
13755
21947
21949
13762
5573
21957
5577
30155
21964
5581
21965
21966
30160
13777
5587
5588
21972
13782
21977
13787
30173
13790
13792
21985
30177
5604
30187
13804
21996
5613
13807
30191
5617
30193
30194
13813
5626
22010
13820
22012
5629
22015
30213
22022
13833
13834
13836
22033
5650
13842
30226
5652
13845
22038
5656
5657
13849
13850
5659
13851
5661
13856
22049
22050
22052
22055
5672
5674
13866
5675
5676
13868
22060
13869
30253
13872
13878
13880
30264
22075
5693
30269
13889
13891
5703
30280
13897
30281
5710
22095
30287
30288
30290
22099
13910
5719
5720
30297
30299
5726
30304
5732
22120
5737
13929
30318
13940
30324
13942
30328
5753
22137
5756
22142
5762
5763
22149
30341
5766
22150
22154
22158
5775
5776
30352
5779
5782
13974
30360
13978
30366
22175
5795
5797
22185
22189
5807
30383
5808
5810
30387
5816
5822
30399
5824
5826
30402
14022
5832
30408
30413
22223
22225
5842
22226
22229
30421
22239
30433
14058
30444
22254
30446
14064
22256
14066
5875
14070
5879
30457
5883
22269
14081
14083
5893
5894
30473
22283
5901
30477
5902
22288
5906
30482
30486
30491
22302
22304
14115
5929
30506
22315
30507
14125
30509
5935
5938
22325
22327
30519
14136
30520
5946
5947
30523
30525
30526
14144
30528
14145
22338
5955
14149
5959
30535
5961
30541
5968
30547
5972
22362
22363
30557
5984
30560
14177
22370
30566
22380
30572
14189
22381
22382
30577
30578
6004
30581
6009
14206
14207
6016
6017
30593
14211
14221
6031
14224
14227
14228
30613
14230
14231
30615
22428
30622
22431
30626
14246
6057
22442
30638
14256
6065
22450
6069
30645
30648
30651
14268
6077
14271
30663
22475
6092
30669
6095
14289
22481
6098
14291
22483
22486
6105
6108
30686
30687
22497
6114
22500
6118
6119
22505
14314
22506
14315
6125
14319
22511
14322
30707
30709
14327
6137
22521
6138
22522
22523
14336
30720
14338
14341
6150
6152
30728
30730
14351
22544
30736
30737
14354
22550
22553
6170
6174
22558
6175
14367
22560
30754
14376
14377
6186
14382
6191
14383
22575
6193
30770
30773
30775
30777
14394
6205
30781
30782
14399
6208
6210
14403
14404
22596
22597
30789
30793
6218
30796
30802
22611
14421
22614
30806
30809
30811
22622
30814
6239
22626
30818
14439
30823
30824
22636
6253
14447
6258
14451
30839
14456
22649
30843
14460
22652
6269
14463
30849
6275
6277
22661
22662
6280
6281
30857
6282
14475
22667
6284
6289
22673
22674
6291
14483
6294
14490
6300
22689
6306
14498
22690
30885
14502
22694
30886
6311
14503
30888
6314
14506
14508
30892
30899
6327
6328
22712
22719
14529
22722
6340
22725
22728
14537
14538
30925
14542
30926
30929
6354
6355
6358
22743
30939
6366
22751
30943
14560
6372
14564
30948
14569
22762
6379
14574
22766
22767
14579
30965
6390
6392
6396
14588
30973
14591
22784
14602
14603
30990
14607
14611
30995
6421
22806
22808
6429
22814
22816
22819
14629
6439
6441
22825
31017
22826
14640
31024
6453
14646
6455
31031
22840
14650
31034
22844
22845
6462
22847
31044
22854
6471
31047
14665
6475
14667
14668
22861
6479
14673
6485
22869
14680
14681
6492
14692
6503
6507
14702
31086
22895
6517
6518
22902
14712
31097
31102
6537
14729
14731
22928
6546
31125
22935
6552
22938
31130
14747
14749
31138
31140
6568
14760
14762
31146
22956
14771
14772
6581
31159
22968
31161
22970
14780
31166
22975
31167
22977
22981
14794
22986
22987
14802
6611
14804
6614
14806
23001
23003
31195
6620
14814
31199
6628
6629
31207
6632
31208
31210
14827
6636
14828
23024
14834
31220
6649
23033
23035
14844
31235
31236
23045
31240
6665
23049
6668
23053
31245
23056
31248
6676
23062
6680
23074
31266
23075
6693
6697
23081
6698
31275
14894
23094
6711
14903
6712
31294
14911
6720
6723
23107
31299
31301
23111
14920
23113
31306
23116
23118
14927
31317
23127
31324
31325
31327
14944
31328
6753
23138
31330
31332
23143
31335
6760
14955
31342
6768
23155
6774
6775
14968
23160
23163
14977
14978
31363
23172
14981
31367
6794
31370
31372
6797
14989
14995
6804
23189
6806
23191
31384
31385
15003
23199
31391
23202
6822
23206
23207
15020
23212
6829
15025
6836
23221
31415
6840
23224
6844
31421
23230
15039
15041
31426
31427
15047
23242
23244
31436
6862
15055
31439
15056
31442
23251
6868
15062
15063
31449
23261
31455
6880
23268
23269
15078
31462
23271
6890
15085
15089
15094
31481
23290
23291
23292
31484
15101
15107
23299
6916
6918
6920
6921
31497
23306
31498
15115
31499
31500
6925
31501
31503
31504
6931
15125
15126
6937
15129
23321
15132
23326
31518
23333
31525
23337
15148
6957
6961
23346
15159
23351
31543
6971
31548
6973
23357
15172
23364
6983
6986
6989
15181
31565
31566
6994
23378
23379
23381
31575
7002
15194
7003
31580
15197
23389
23390
23392
31585
23394
31586
7011
7014
23398
15210
23403
31595
23405
7022
23407
23408
7025
15220
31608
23417
23418
7036
23420
23423
7042
23428
7046
23432
15244
15245
31630
7064
31640
31642
7067
23451
23453
31645
15266
7075
7080
7082
31660
15277
31661
15278
7087
31663
31664
15281
23473
7090
23475
15284
7095
31674
15291
7100
15293
31677
15294
31678
31681
15299
23491
31684
31685
15302
31691
7117
7123
31701
7126
15321
23515
7133
15326
31712
7139
15331
7141
31717
23530
7147
31726
7151
23537
31730
31733
15350
7159
23546
31738
15355
23551
31744
7169
31745
23554
31746
15363
31747
31753
23562
7185
15379
31768
15385
31772
7198
31776
15394
31778
7205
7206
23594
31786
7211
15403
7214
15406
31792
7217
7219
23603
15414
7223
23608
15418
23610
23611
7228
7229
23613
23614
15424
15425
7234
23620
15430
7239
23623
7242
7243
31819
7244
31820
15437
31821
23630
23638
15449
31834
7259
31836
15457
15460
23652
15461
7272
7274
15470
7283
7284
15476
23669
31861
7286
23671
23675
15486
15492
23687
31880
7305
7306
31882
7310
23698
15507
31891
23700
31894
15512
7322
23706
31902
15519
15522
23715
23717
31909
15527
23721
15531
23727
15536
31921
23732
31924
15542
7351
31929
7355
31940
23749
15559
7370
31946
7372
15567
23759
23762
7380
31958
15575
23768
31961
7389
15581
7394
23779
7396
15594
23786
31979
15598
7408
7410
31987
7412
23797
23798
23799
7416
23800
7417
7420
31996
31998
15615
15616
7426
7429
7430
23821
15637
32021
7447
15640
7449
15641
7450
23834
32026
15643
32033
7458
23842
15651
23846
23847
15657
15660
32045
23856
7473
15665
23859
7478
15673
7482
32058
7483
32060
32062
15680
23872
23875
15686
23878
7496
23881
7499
15691
7500
15692
32076
7503
7505
15697
23889
23892
15702
7511
23896
23900
32092
32093
15710
32095
15712
7522
32103
7530
32106
15726
15727
15732
23924
32120
32122
15744
32130
23940
32135
23944
7561
23946
23948
32140
23950
32144
32147
15764
7574
15766
15768
15770
23967
7584
7586
23970
23973
32166
7591
15784
7593
23977
23978
15794
32179
7606
32182
7607
15799
32183
23994
7612
32188
32191
7616
32192
24001
15810
24007
15818
32203
7633
15828
15829
24021
32215
7641
24026
7643
15835
7644
7645
15838
15839
7648
24032
7649
15841
7650
15844
32228
32229
32230
7657
15851
15855
15856
15857
7667
24052
7672
32248
7675
24060
32252
7677
32253
15870
15872
32256
32257
7682
32258
32259
15876
7685
24075
32267
32268
24077
32269
7695
15887
32272
32274
24083
32276
15896
32280
7711
32288
24099
32292
15910
7719
32295
24105
7722
15915
32299
24108
7727
15919
7730
15922
32308
15925
7735
24127
15938
24132
7750
32326
15943
7756
24142
24143
24148
15957
15959
24152
7769
15962
15963
15964
24161
32357
7782
32358
7784
24168
24170
15979
24173
24175
15984
15987
24179
7797
15989
7802
7804
15996
32380
7805
24189
32381
7806
7807
15999
32384
16001
24193
16002
32390
7815
16007
24202
32394
7819
16013
7822
32398
32399
24208
32400
16018
7827
32403
16021
16022
32406
7831
7833
7834
16032
32416
7841
16039
16040
7854
7857
24245
32438
24247
32439
7865
32442
16061
32447
7872
7874
16066
16071
7880
32456
32458
16077
32461
24273
7890
16083
7892
7894
32473
32475
24287
16098
32485
24294
16104
32490
7915
16107
32492
16111
32497
24306
7924
24312
7929
32508
16126
24318
7935
32511
16129
24321
7938
16132
16134
7943
24331
16141
7956
7957
24343
32535
16152
16153
32538
32544
16165
32554
16171
16173
16174
24366
16178
16179
7989
24373
7992
24376
16189
32573
7999
16191
16195
8006
32582
8007
24400
32592
24401
24402
8019
16211
32598
8025
8028
8030
8032
8035
16229
24421
8040
24425
24427
16236
32620
16237
24431
16240
8050
32627
8052
8053
24438
8055
24439
24440
32633
16250
32635
24445
8064
16256
16257
24450
32642
16263
8074
8079
32655
16273
24467
8085
16277
32661
8087
16281
32666
16284
32668
32669
24478
8097
16290
16291
32678
16295
8106
16299
24492
8111
24495
16306
24499
24500
16312
8122
16316
24509
16321
24515
8134
8135
16329
8138
16330
24523
32715
24526
32718
16336
8146
24530
32722
8147
16339
8151
8153
32729
8154
16346
8155
16347
32736
16357
32743
8169
16362
8171
32751
16368
8180
24564
8182
24570
16379
24573
24574
16383
9
224
211
21
184
221
477
14
143
239
