539
6
1032
9
10
1035
1036
1037
15
1039
20
1047
1048
26
29
31
1055
32
34
1060
37
1063
1064
1065
44
1068
1070
1074
1075
54
55
1079
1080
1083
1084
62
1086
1091
1092
74
1100
77
79
1105
84
85
1110
87
1111
89
92
95
1120
1123
100
1125
105
111
114
1143
1144
122
1146
1149
126
1155
135
136
1160
137
139
140
1165
1167
144
1171
1173
1175
153
155
156
1185
162
1186
1187
164
165
166
1194
1200
1201
180
182
1206
184
1208
185
187
1212
191
195
1219
196
201
1226
203
204
206
1231
1234
1240
220
222
1247
1248
1249
229
230
1254
234
1258
1260
237
1262
240
243
1271
1274
1277
258
259
1283
260
262
263
1287
264
1289
266
267
269
1293
1294
1299
277
278
1302
1303
1308
1309
286
1311
288
1313
293
1317
1318
295
296
1320
297
304
311
313
315
316
318
1343
320
322
1346
1348
1349
1351
1352
330
1354
1355
333
1357
1360
338
1364
341
342
343
1369
1372
349
1373
1374
1376
354
1378
1379
360
1386
1387
1388
368
1392
1393
1396
1398
1400
378
1402
382
392
395
396
1422
399
1426
407
409
410
1434
1436
1437
1440
1441
420
1444
1445
1448
425
1449
1450
1454
1455
432
1456
433
1458
1466
443
444
1469
1470
447
1472
450
1477
459
1483
1485
1486
464
466
1490
1491
468
1494
472
1497
1498
1502
479
1506
1508
1509
489
491
492
1517
1518
497
498
499
500
501
1531
509
1534
1535
1536
1537
1542
1543
1544
522
1548
527
529
1555
534
1560
1561
1562
539
1563
1565
543
1569
546
547
548
1572
549
550
551
1575
552
553
1580
1581
1582
559
1586
566
1590
567
569
572
573
1598
1601
1603
580
581
1606
1607
1612
589
1613
591
1615
1617
1620
598
599
1624
1626
1627
605
608
1633
612
1637
1638
615
617
1643
623
1647
1648
1649
1650
631
632
1659
636
638
639
640
1664
641
1665
643
645
1670
1674
652
1677
1678
657
659
1683
661
662
665
1689
666
1691
1692
669
671
1697
674
1698
1699
679
1707
1709
1713
1714
691
692
1716
1719
697
698
1723
700
703
1729
706
708
1732
713
1737
714
1739
717
1741
719
1743
1745
722
1748
1749
1752
730
732
733
734
735
1759
738
739
740
1766
1767
1768
745
748
1774
1776
1777
1778
1779
1781
759
1786
1788
1791
1794
771
1796
1798
776
1800
777
1801
778
781
1808
1809
786
1814
1818
1819
1820
798
799
800
1825
1826
1828
805
806
1832
1834
811
813
815
1843
820
821
1847
1848
1853
830
1854
1855
833
835
837
838
840
844
849
853
858
860
861
863
865
876
877
878
881
883
886
888
894
895
896
905
907
910
911
914
917
920
921
922
926
934
937
944
948
950
952
953
960
965
968
969
976
978
984
985
987
988
990
991
995
998
1001
1003
1005
1006
1007
1012
1019
1020
1021
1023
35
132
133
134
71
136
9
73
76
13
79
82
19
20
84
85
150
151
25
153
26
159
96
33
97
99
42
45
109
110
111
120
58
122
59
62
