1912
4096
2
4098
8194
8202
14
15
16
8213
23
4121
8217
8222
8223
32
4128
8227
8228
4134
8235
4144
49
51
4148
55
4152
8251
60
62
8260
69
4165
77
8269
8270
4175
4176
81
8274
87
8280
89
8282
92
4190
4192
8292
4197
8295
8296
4201
110
8302
4212
4215
8313
8314
124
4222
129
4227
132
8326
135
8328
141
8336
8337
4244
150
4246
156
4256
161
4257
8356
8359
170
8367
178
179
4275
180
181
8373
183
186
8382
4288
195
4294
201
4299
4300
8399
209
4305
4306
8405
214
8411
220
4321
228
229
4327
4328
4331
8430
8432
8433
4338
4343
8439
4347
4348
253
254
259
8451
8453
4358
269
4368
8464
8466
4371
8467
276
8470
4375
280
8474
8476
4385
4386
8483
294
4393
4396
4398
8496
8497
8498
4403
309
310
8503
314
8506
8509
8511
4420
326
4423
328
4424
4428
336
338
4435
4436
4437
4438
8537
4446
4453
4455
8552
361
362
365
367
4471
8571
8572
8577
388
389
8582
8583
4488
394
8586
4492
4493
4497
402
4500
4502
8600
8604
4510
415
8613
4523
8621
8622
432
8627
438
439
4535
4538
8634
4541
4542
447
448
8641
4547
454
4550
4554
464
4563
4568
8667
4572
4574
480
4577
483
4579
4580
485
487
4596
8692
505
506
4605
511
513
518
4614
8711
521
4621
8717
527
4626
4627
8732
8735
4640
4645
8742
8743
4648
554
556
8750
559
4655
561
4658
564
565
4661
4662
4663
4667
4672
579
580
586
8781
8790
8791
607
4703
609
8802
8807
4712
4714
4715
4716
8816
625
4722
628
630
634
4734
642
643
644
8836
645
8838
4745
8842
651
4747
653
658
660
4756
8858
4764
8863
4768
8867
4772
4774
679
8873
8875
691
692
4789
697
8890
4796
703
4799
4802
4805
710
4807
715
8907
718
723
724
8923
733
8925
740
742
8935
745
4841
747
750
751
8948
4853
8949
4854
8950
8952
4857
763
8956
4862
8958
4863
4864
4865
8961
8963
4868
773
8969
4875
780
8972
8974
783
784
8976
4881
8979
4884
8980
8981
8990
801
808
4904
9000
4910
815
817
818
4915
820
4919
9015
9016
9017
9019
4924
830
9022
9023
4928
4932
9036
9040
4946
4950
856
9048
9049
4954
4956
9052
4958
4959
9055
865
4964
4968
873
876
9070
4975
4976
884
4981
886
887
888
889
9082
4987
4988
9084
9087
897
898
9091
902
9095
9096
906
9098
907
5006
5007
5009
915
916
5012
9108
919
5016
9114
923
5019
924
925
5021
5022
9118
927
9119
928
5024
5027
9124
934
9128
9129
9134
943
5039
5040
9138
9143
5052
957
958
959
9151
967
9159
968
5064
9160
970
5066
974
5071
976
5075
9174
9175
984
5081
9180
989
5088
9184
9186
9189
999
9191
9192
1002
5098
9194
5102
5106
5107
9207
1016
1020
5121
9217
1027
1031
5127
1032
1033
5129
5130
5134
5135
9231
1040
1041
9235
1045
9239
5146
9242
1051
5148
5149
1059
1062
9254
5162
9262
5167
5168
5174
5175
9271
1080
1081
1087
1090
5192
9289
5195
9292
9294
9295
9298
5203
1108
9300
9303
5208
9308
9309
5214
5215
5219
5220
5226
1131
1133
5230
9326
9329
1138
1142
9339
1149
5247
1153
5250
5251
5252
1157
9349
1159
9351
5260
1165
5266
9363
5269
5272
9368
9369
1182
9374
1183
9375
9376
5282
1188
1189
1193
1194
5291
9388
5294
1199
5296
5297
1203
1204
1206
9400
5306
9404
5310
9407
5312
1217
1221
1222
1224
1226
9418
9419
1229
9422
1235
9427
1236
9435
9438
9439
1248
9440
1249
9441
1251
5348
9445
5350
9447
1259
9452
9454
9455
5363
9461
9463
5368
9468
5373
1280
5376
1281
1282
5378
1286
9479
9481
5388
9486
1297
5394
9490
9492
5398
5399
5406
5407
9503
1313
5409
5410
9509
9510
5415
1321
1325
9517
5431
1336
1337
9531
1340
9534
5440
9537
5443
9539
5447
1352
1355
5454
5457
1363
5460
9558
1368
1369
1370
9564
1374
9568
5476
9572
5480
1387
5483
1388
5488
1393
1394
1398
9590
1403
5499
9595
9596
1406
9598
1407
5505
1410
5506
1412
9605
1417
1419
1422
1424
5522
1428
5524
5526
5527
9623
9624
9627
5533
5534
1439
5538
5539
9635
1444
1445
1448
5544
1452
5549
5550
9647
5555
1460
5557
5558
9654
5559
1465
9657
9659
9661
9663
1476
9668
1478
1481
5577
1486
1489
5589
5590
9686
1495
5591
9690
9695
5600
9701
5607
1512
1521
1524
5620
5622
9718
9721
1530
5631
1536
9728
9731
1540
9735
9737
5646
1553
9745
9746
1556
5652
9750
9751
9752
9753
9754
1564
9759
5666
9762
1571
1574
9766
5671
1578
9770
5683
9781
1595
9787
5692
1602
9795
9796
5702
9802
5712
9809
1618
1620
5716
1621
1624
9818
9819
1628
9822
1631
1632
1637
9830
1643
5739
5740
9837
5742
9841
9843
1655
9853
5759
1666
1672
9867
9868
5773
9869
1684
5782
1689
9882
9883
5790
9886
1699
5795
5799
1704
1708
5805
5808
9905
5810
5813
9913
5820
1727
9919
1730
5826
1736
5837
5840
5845
1750
5850
9946
1755
1756
5855
1760
1761
9955
5861
9957
5862
1768
1772
5868
9965
1775
5871
9969
1778
9970
9972
1781
9974
5884
9981
1791
9985
5890
9991
1800
9997
5904
10000
1809
10003
1813
5912
10009
10010
5916
5917
5918
5921
1827
1828
5924
1832
10026
5931
5933
1840
10033
1845
5947
10045
10047
1858
5955
1860
5958
5960
10059
1868
10064
1873
1879
5975
5976
5979
1884
5981
10077
5989
10087
5993
5994
1903
5999
6001
6004
10100
6005
10102
1912
6012
6013
1918
6015
6018
1924
1926
10120
1929
6026
1932
10124
1933
1935
10127
6036
1941
6037
1943
10135
1944
10136
1949
6048
1954
6052
6054
6057
10154
6059
6061
1966
1976
1978
1981
1987
10179
6084
6088
1994
1997
10189
1999
6095
10192
2002
2003
2005
6101
2006
2010
6110
6113
10211
10214
6121
6122
10221
2030
10224
2033
6136
2042
10234
6141
2048
2051
6148
10248
6153
6155
2060
10267
10270
6176
2081
2084
6184
10280
2090
6186
10286
2097
2098
2102
10294
6203
10300
6205
10302
6207
2115
10307
2116
6213
6214
10310
10311
2121
10318
6223
2128
2129
10322
2131
10323
6231
6234
10331
6236
10334
2143
10341
2152
10344
2154
2160
10353
6259
10356
10358
6264
10361
6266
6268
10365
6272
10368
2178
6276
2181
6280
10377
2189
10383
2193
6289
10385
2196
2205
2207
6304
10401
2214
6310
6311
6312
2217
2218
10412
6317
2222
10414
10416
6321
10419
6324
2230
2234
6335
10432
6343
2248
6347
2252
6348
2254
10448
2260
10453
2263
10456
6362
6363
10460
2269
6365
2273
10465
2274
2277
10470
10472
6381
2287
2290
6387
2293
2297
10492
6398
2316
10508
6413
10509
2321
10513
10514
2324
10516
2328
6424
10522
10524
2335
6431
6433
6434
2339
6435
10532
6439
10535
2346
6442
2347
6444
2357
6453
10554
10555
10556
2366
6462
6463
6465
6466
6467
10564
2375
2384
6483
2389
6486
10582
2393
10587
6492
2397
2399
6495
2401
6500
10596
2408
6508
10605
2415
6514
2419
6516
2424
6521
6524
6525
10621
2430
6526
2436
6536
10634
2443
2448
2449
6545
2450
10642
2453
6550
10646
2460
10655
10656
10657
6563
2471
10665
2477
2478
10670
10674
2486
6582
2488
2491
6587
10683
10685
6590
10688
2499
6595
2500
6601
10697
6603
2512
2514
6611
2518
6620
6623
10719
2529
6626
10722
6628
2533
6629
10726
6638
10734
6644
10741
10742
2554
10746
2555
6653
10750
10751
2561
10763
10764
2573
6670
10767
2578
10770
6675
2585
10779
10781
10786
6693
10789
6694
10792
6698
2604
10797
6703
2608
2609
10801
10803
2612
6708
2613
2615
10807
2618
10810
6720
10816
2625
2626
10819
6724
6726
6730
2636
10829
6735
10832
6741
6743
2650
6750
10846
2655
10849
6754
10852
6765
6766
2671
6769
10869
2685
10877
2686
10878
6783
2690
10882
10885
10892
2701
2703
10896
2705
10897
2710
2711
6810
2715
6811
2717
10910
10915
6821
10918
10926
10933
2742
6843
2750
10943
10951
2760
10952
2761
2762
6858
10954
6859
2767
6864
10961
6866
10962
6873
10973
10974
2788
10980
10981
6896
6898
2805
2806
2809
6906
11006
2819
11012
2823
6919
6925
11021
2832
11024
2836
6933
6939
11036
2845
6941
2846
6943
2848
2850
6946
6948
2859
11051
2862
6960
6961
11057
11061
11064
11065
2874
11067
2876
6972
2878
6974
6975
2880
6976
11072
11080
6986
2891
6992
6997
2902
11097
7003
2910
11105
2916
7013
11111
11112
7017
7018
11114
7019
11115
2926
7026
2931
11124
11130
7039
7041
11138
7045
11142
11143
7048
11146
2957
7055
7056
11154
2964
7061
11157
2974
11167
2980
11174
7080
7081
11180
11183
2993
7089
11185
11186
2996
7092
11188
2998
7094
3003
7103
7105
11201
11202
7109
11209
11211
3020
7116
7118
11214
11216
7121
11217
11219
7127
3032
3033
7130
11227
7132
7133
11231
7141
7143
11240
3050
3051
11243
11244
3053
11245
7151
3056
11248
3057
7163
7165
11261
7169
7170
3075
11267
3076
11268
3079
11272
7180
11277
11279
11280
3091
7187
11286
7192
3098
7194
3100
7196
3109
7205
3113
11306
3115
7211
11308
3121
11313
7218
7219
11319
11320
7228
11326
7232
11329
3138
11332
7237
11333
7238
7239
3146
7246
3152
7251
7253
11352
7259
11360
11362
11363
3174
7271
7275
7279
3186
11379
7285
7286
7289
11387
7292
11389
7296
11396
7304
11401
7313
7314
3223
7319
11415
3225
11417
3226
7323
11419
7325
7332
7334
11431
11437
7345
11441
11442
3252
3253
3254
7354
7356
7357
11455
11457
3269
7365
3270
3273
7373
7374
11471
11472
3282
7378
7380
3286
11481
7387
11483
7388
3293
11491
11494
3306
11499
11500
7406
11504
11509
3319
7417
11514
3325
7422
7424
11520
7431
11527
7432
7434
3342
7438
3343
3345
7442
11540
7445
7453
3359
7455
3360
7463
3368
7469
7472
3377
3385
3389
7487
3393
7489
3394
7492
3397
3399
3400
3408
7508
7509
7513
7517
7519
7526
7530
7532
3440
3443
7551
3459
7560
3465
3467
3471
7567
3472
7575
3485
7584
7585
7590
7591
3499
3505
3507
7611
7613
3519
3522
7618
7621
7623
7632
7633
3540
3545
7643
7644
7648
3553
7654
7661
7663
7664
7666
3573
7669
3574
3577
7673
7675
7676
7677
7678
3586
3587
3591
3597
7696
3604
3611
3618
7715
7716
3623
7723
3628
3632
3633
3636
7732
7734
3639
7736
3643
3655
7753
3658
7762
3667
7764
7767
7768
7769
7774
3679
3682
3689
7789
3694
3695
3703
7799
3705
3707
7805
7806
7810
7814
3720
7820
7822
3728
7824
3729
7825
7834
7836
3742
7839
7840
7843
3751
7847
3753
3755
3757
3760
7857
3763
7861
3769
3771
3778
7875
7878
3784
3785
7883
3792
7889
3795
7891
3799
7896
7897
7902
3807
3810
3812
7910
7915
3821
3823
3824
3827
3829
7925
7926
7927
3837
7940
7951
7952
3860
7961
7963
3869
3871
3872
7969
7974
7975
7977
3894
7992
3903
8001
3911
3912
3914
3918
3923
8025
8026
8027
3933
3939
3942
3950
8048
8053
3958
3962
8058
3963
3965
3969
3977
3992
3993
8096
8104
8106
8107
4020
4023
4029
8126
4032
8133
8135
4043
8142
8144
8147
4055
4056
4057
4058
4060
8166
8167
4074
4075
4077
8174
4080
8177
4086
8182
8185
15
322
102
134
199
359
9
106
76
77
335
367
20
244
29
351
